v 0.166664 0.166664 0.666672
v 0.666672 0.166664 0.166664
v 0.166664 0.666672 0.166664
v 0.479168 0.0416641 0.479168
v 0.479168 0.479168 0.0416641
v 0.0416641 0.479168 0.479168
v 0.315104 0.0729141 0.611982
v 0.268229 0.268229 0.463543
v 0.0729141 0.315104 0.611982
v 0.611982 0.0729141 0.315104
v 0.611982 0.315104 0.0729141
v 0.463543 0.268229 0.268229
v 0.268229 0.463543 0.268229
v 0.315104 0.611982 0.0729141
v 0.0729141 0.611982 0.315104
v 0.236001 0.111977 0.652022
v 0.194985 0.194985 0.610029
v 0.111977 0.236001 0.652022
v 0.398112 0.0494766 0.552411
v 0.378581 0.15397 0.467449
v 0.285807 0.167642 0.546552
v 0.167642 0.285807 0.546552
v 0.15397 0.378581 0.467449
v 0.0494766 0.398112 0.552411
v 0.552411 0.0494766 0.398112
v 0.546552 0.167642 0.285807
v 0.467449 0.15397 0.378581
v 0.652022 0.111977 0.236001
v 0.652022 0.236001 0.111977
v 0.610029 0.194985 0.194985
v 0.546552 0.285807 0.167642
v 0.552411 0.398112 0.0494766
v 0.467449 0.378581 0.15397
v 0.15397 0.467449 0.378581
v 0.167642 0.546552 0.285807
v 0.0494766 0.552411 0.398112
v 0.378581 0.467449 0.15397
v 0.398112 0.552411 0.0494766
v 0.285807 0.546552 0.167642
v 0.194985 0.610029 0.194985
v 0.236001 0.652022 0.111977
v 0.111977 0.652022 0.236001
v 0.262369 0.368815 0.368815
v 0.368815 0.262369 0.368815
v 0.368815 0.368815 0.262369
v 0.199746 0.137367 0.662887
v 0.174111 0.174111 0.651778
v 0.137367 0.199746 0.662887
v 0.274698 0.0904922 0.63481
v 0.255655 0.133828 0.610518
v 0.213784 0.152138 0.634078
v 0.152138 0.213784 0.634078
v 0.133828 0.255655 0.610518
v 0.0904922 0.274698 0.63481
v 0.356486 0.0592422 0.584272
v 0.343058 0.108193 0.548749
v 0.29899 0.119179 0.581831
v 0.43925 0.0436172 0.517132
v 0.430461 0.0972066 0.472332
v 0.387126 0.100869 0.512005
v 0.332316 0.159097 0.508587
v 0.324259 0.211221 0.46452
v 0.275553 0.217569 0.506878
v 0.119179 0.29899 0.581831
v 0.108193 0.343058 0.548749
v 0.0592422 0.356486 0.584272
v 0.217569 0.275553 0.506878
v 0.211221 0.324259 0.46452
v 0.159097 0.332316 0.508587
v 0.100869 0.387126 0.512005
v 0.0972066 0.430461 0.472332
v 0.0436172 0.43925 0.517132
v 0.179605 0.239786 0.58061
v 0.239786 0.179605 0.58061
v 0.22709 0.22709 0.545819
v 0.517132 0.0436172 0.43925
v 0.512005 0.100869 0.387126
v 0.472332 0.0972066 0.430461
v 0.584272 0.0592422 0.356486
v 0.581831 0.119179 0.29899
v 0.548749 0.108193 0.343058
v 0.508587 0.159097 0.332316
v 0.506878 0.217569 0.275553
v 0.46452 0.211221 0.324259
v 0.63481 0.0904922 0.274698
v 0.634078 0.152138 0.213784
v 0.610518 0.133828 0.255655
v 0.662887 0.137367 0.199746
v 0.662887 0.199746 0.137367
v 0.651778 0.174111 0.174111
v 0.634078 0.213784 0.152138
v 0.63481 0.274698 0.0904922
v 0.610518 0.255655 0.133828
v 0.506878 0.275553 0.217569
v 0.508587 0.332316 0.159097
v 0.46452 0.324259 0.211221
v 0.581831 0.29899 0.119179
v 0.584272 0.356486 0.0592422
v 0.548749 0.343058 0.108193
v 0.512005 0.387126 0.100869
v 0.517132 0.43925 0.0436172
v 0.472332 0.430461 0.0972066
v 0.545819 0.22709 0.22709
v 0.58061 0.179605 0.239786
v 0.58061 0.239786 0.179605
v 0.0972066 0.472332 0.430461
v 0.100869 0.512005 0.387126
v 0.0436172 0.517132 0.43925
v 0.211221 0.46452 0.324259
v 0.217569 0.506878 0.275553
v 0.159097 0.508587 0.332316
v 0.108193 0.548749 0.343058
v 0.119179 0.581831 0.29899
v 0.0592422 0.584272 0.356486
v 0.324259 0.46452 0.211221
v 0.332316 0.508587 0.159097
v 0.275553 0.506878 0.217569
v 0.430461 0.472332 0.0972066
v 0.43925 0.517132 0.0436172
v 0.387126 0.512005 0.100869
v 0.343058 0.548749 0.108193
v 0.356486 0.584272 0.0592422
v 0.29899 0.581831 0.119179
v 0.133828 0.610518 0.255655
v 0.152138 0.634078 0.213784
v 0.0904922 0.63481 0.274698
v 0.255655 0.610518 0.133828
v 0.274698 0.63481 0.0904922
v 0.213784 0.634078 0.152138
v 0.174111 0.651778 0.174111
v 0.199746 0.662887 0.137367
v 0.137367 0.662887 0.199746
v 0.179605 0.58061 0.239786
v 0.22709 0.545819 0.22709
v 0.239786 0.58061 0.179605
v 0.152261 0.42387 0.42387
v 0.263834 0.318888 0.417278
v 0.208047 0.372478 0.419475
v 0.208047 0.419475 0.372478
v 0.263834 0.417278 0.318888
v 0.372478 0.208047 0.419475
v 0.318888 0.263834 0.417278
v 0.42387 0.152261 0.42387
v 0.419475 0.208047 0.372478
v 0.417278 0.263834 0.318888
v 0.318888 0.417278 0.263834
v 0.372478 0.419475 0.208047
v 0.417278 0.318888 0.263834
v 0.419475 0.372478 0.208047
v 0.42387 0.42387 0.152261
v 0.316203 0.367595 0.316203
v 0.316203 0.316203 0.367595
v 0.367595 0.316203 0.316203
v 0.182762 0.151527 0.66571
v 0.168572 0.168572 0.662857
v 0.151527 0.182762 0.66571
v 0.217522 0.124184 0.658294
v 0.205132 0.143028 0.651839
v 0.186471 0.155327 0.658202
v 0.155327 0.186471 0.658202
v 0.143028 0.205132 0.651839
v 0.124184 0.217522 0.658294
v 0.25509 0.100746 0.644164
v 0.244378 0.121269 0.634352
v 0.224465 0.131676 0.643859
v 0.294733 0.0812149 0.624052
v 0.285578 0.103295 0.611128
v 0.26478 0.111809 0.623411
v 0.234491 0.142525 0.622984
v 0.225427 0.164422 0.610151
v 0.203958 0.173272 0.622771
v 0.131676 0.224465 0.643859
v 0.121269 0.244378 0.634352
v 0.100746 0.25509 0.644164
v 0.173272 0.203958 0.622771
v 0.164422 0.225427 0.610151
v 0.142525 0.234491 0.622984
v 0.111809 0.26478 0.623411
v 0.103295 0.285578 0.611128
v 0.0812149 0.294733 0.624052
v 0.162667 0.193627 0.643706
v 0.193627 0.162667 0.643706
v 0.183007 0.183007 0.633986
v 0.335718 0.0655899 0.598692
v 0.327997 0.0891039 0.582899
v 0.306681 0.0957263 0.597593
v 0.377314 0.0538712 0.568815
v 0.370906 0.0786974 0.550397
v 0.349436 0.0834277 0.567136
v 0.320978 0.113228 0.565793
v 0.314661 0.137872 0.547467
v 0.292032 0.143182 0.564786
v 0.418788 0.0460587 0.535153
v 0.41357 0.0720751 0.514355
v 0.392314 0.0749133 0.532773
v 0.459408 0.0421524 0.49844
v 0.455257 0.069237 0.475506
v 0.434581 0.070183 0.495236
v 0.408931 0.0985799 0.492489
v 0.404872 0.125481 0.469646
v 0.382548 0.127251 0.4902
v 0.309046 0.162942 0.528012
v 0.304133 0.188348 0.507519
v 0.280313 0.192468 0.527219
v 0.355525 0.156106 0.488369
v 0.35168 0.18258 0.46574
v 0.327952 0.185052 0.486996
v 0.299921 0.213998 0.48608
v 0.296412 0.239801 0.463787
v 0.271524 0.242853 0.485623
v 0.337351 0.133446 0.529202
v 0.365138 0.104073 0.530789
v 0.360011 0.129906 0.510083
v 0.0957263 0.306681 0.597593
v 0.0891039 0.327997 0.582899
v 0.0655899 0.335718 0.598692
v 0.143182 0.292032 0.564786
v 0.137872 0.314661 0.547467
v 0.113228 0.320978 0.565793
v 0.0834277 0.349436 0.567136
v 0.0786974 0.370906 0.550397
v 0.0538712 0.377314 0.568815
v 0.192468 0.280313 0.527219
v 0.188348 0.304133 0.507519
v 0.162942 0.309046 0.528012
v 0.242853 0.271524 0.485623
v 0.239801 0.296412 0.463787
v 0.213998 0.299921 0.48608
v 0.185052 0.327952 0.486996
v 0.18258 0.35168 0.46574
v 0.156106 0.355525 0.488369
v 0.0749133 0.392314 0.532773
v 0.0720751 0.41357 0.514355
v 0.0460587 0.418788 0.535153
v 0.127251 0.382548 0.4902
v 0.125481 0.404872 0.469646
v 0.0985799 0.408931 0.492489
v 0.070183 0.434581 0.495236
v 0.069237 0.455257 0.475506
v 0.0421524 0.459408 0.49844
v 0.104073 0.365138 0.530789
v 0.133446 0.337351 0.529202
v 0.129906 0.360011 0.510083
v 0.126046 0.277185 0.596769
v 0.186868 0.217187 0.595945
v 0.156457 0.247324 0.59622
v 0.149377 0.269556 0.581068
v 0.173196 0.262689 0.564115
v 0.247324 0.156457 0.59622
v 0.217187 0.186868 0.595945
v 0.277185 0.126046 0.596769
v 0.269556 0.149377 0.581068
v 0.262689 0.173196 0.564115
v 0.197412 0.256586 0.546002
v 0.221933 0.251245 0.526822
v 0.256586 0.197412 0.546002
v 0.251245 0.221933 0.526822
v 0.246668 0.246668 0.506665
v 0.20318 0.233041 0.563779
v 0.209771 0.209771 0.580457
v 0.233041 0.20318 0.563779
v 0.49844 0.0421524 0.459408
v 0.495236 0.070183 0.434581
v 0.475506 0.069237 0.455257
v 0.535153 0.0460587 0.418788
v 0.532773 0.0749133 0.392314
v 0.514355 0.0720751 0.41357
v 0.492489 0.0985799 0.408931
v 0.4902 0.127251 0.382548
v 0.469646 0.125481 0.404872
v 0.568815 0.0538712 0.377314
v 0.567136 0.0834277 0.349436
v 0.550397 0.0786974 0.370906
v 0.598692 0.0655899 0.335718
v 0.597593 0.0957263 0.306681
v 0.582899 0.0891039 0.327997
v 0.565793 0.113228 0.320978
v 0.564786 0.143182 0.292032
v 0.547467 0.137872 0.314661
v 0.488369 0.156106 0.355525
v 0.486996 0.185052 0.327952
v 0.46574 0.18258 0.35168
v 0.528012 0.162942 0.309046
v 0.527219 0.192468 0.280313
v 0.507519 0.188348 0.304133
v 0.48608 0.213998 0.299921
v 0.485623 0.242853 0.271524
v 0.463787 0.239801 0.296412
v 0.510083 0.129906 0.360011
v 0.530789 0.104073 0.365138
v 0.529202 0.133446 0.337351
v 0.624052 0.0812149 0.294733
v 0.623411 0.111809 0.26478
v 0.611128 0.103295 0.285578
v 0.644164 0.100746 0.25509
v 0.643859 0.131676 0.224465
v 0.634352 0.121269 0.244378
v 0.622984 0.142525 0.234491
v 0.622771 0.173272 0.203958
v 0.610151 0.164422 0.225427
v 0.658294 0.124184 0.217522
v 0.658202 0.155327 0.186471
v 0.651839 0.143028 0.205132
v 0.66571 0.151527 0.182762
v 0.66571 0.182762 0.151527
v 0.662857 0.168572 0.168572
v 0.658202 0.186471 0.155327
v 0.658294 0.217522 0.124184
v 0.651839 0.205132 0.143028
v 0.622771 0.203958 0.173272
v 0.622984 0.234491 0.142525
v 0.610151 0.225427 0.164422
v 0.643859 0.224465 0.131676
v 0.644164 0.25509 0.100746
v 0.634352 0.244378 0.121269
v 0.623411 0.26478 0.111809
v 0.624052 0.294733 0.0812149
v 0.611128 0.285578 0.103295
v 0.633986 0.183007 0.183007
v 0.643706 0.162667 0.193627
v 0.643706 0.193627 0.162667
v 0.485623 0.271524 0.242853
v 0.48608 0.299921 0.213998
v 0.463787 0.296412 0.239801
v 0.527219 0.280313 0.192468
v 0.528012 0.309046 0.162942
v 0.507519 0.304133 0.188348
v 0.486996 0.327952 0.185052
v 0.488369 0.355525 0.156106
v 0.46574 0.35168 0.18258
v 0.564786 0.292032 0.143182
v 0.565793 0.320978 0.113228
v 0.547467 0.314661 0.137872
v 0.597593 0.306681 0.0957263
v 0.598692 0.335718 0.0655899
v 0.582899 0.327997 0.0891039
v 0.567136 0.349436 0.0834277
v 0.568815 0.377314 0.0538712
v 0.550397 0.370906 0.0786974
v 0.4902 0.382548 0.127251
v 0.492489 0.408931 0.0985799
v 0.469646 0.404872 0.125481
v 0.532773 0.392314 0.0749133
v 0.535153 0.418788 0.0460587
v 0.514355 0.41357 0.0720751
v 0.495236 0.434581 0.070183
v 0.49844 0.459408 0.0421524
v 0.475506 0.455257 0.069237
v 0.510083 0.360011 0.129906
v 0.529202 0.337351 0.133446
v 0.530789 0.365138 0.104073
v 0.506665 0.246668 0.246668
v 0.546002 0.197412 0.256586
v 0.526822 0.221933 0.251245
v 0.526822 0.251245 0.221933
v 0.546002 0.256586 0.197412
v 0.581068 0.149377 0.269556
v 0.564115 0.173196 0.262689
v 0.596769 0.126046 0.277185
v 0.59622 0.156457 0.247324
v 0.595945 0.186868 0.217187
v 0.564115 0.262689 0.173196
v 0.581068 0.269556 0.149377
v 0.595945 0.217187 0.186868
v 0.59622 0.247324 0.156457
v 0.596769 0.277185 0.126046
v 0.563779 0.233041 0.20318
v 0.563779 0.20318 0.233041
v 0.580457 0.209771 0.209771
v 0.069237 0.475506 0.455257
v 0.070183 0.495236 0.434581
v 0.0421524 0.49844 0.459408
v 0.125481 0.469646 0.404872
v 0.127251 0.4902 0.382548
v 0.0985799 0.492489 0.408931
v 0.0720751 0.514355 0.41357
v 0.0749133 0.532773 0.392314
v 0.0460587 0.535153 0.418788
v 0.18258 0.46574 0.35168
v 0.185052 0.486996 0.327952
v 0.156106 0.488369 0.355525
v 0.239801 0.463787 0.296412
v 0.242853 0.485623 0.271524
v 0.213998 0.48608 0.299921
v 0.188348 0.507519 0.304133
v 0.192468 0.527219 0.280313
v 0.162942 0.528012 0.309046
v 0.0786974 0.550397 0.370906
v 0.0834277 0.567136 0.349436
v 0.0538712 0.568815 0.377314
v 0.137872 0.547467 0.314661
v 0.143182 0.564786 0.292032
v 0.113228 0.565793 0.320978
v 0.0891039 0.582899 0.327997
v 0.0957263 0.597593 0.306681
v 0.0655899 0.598692 0.335718
v 0.104073 0.530789 0.365138
v 0.129906 0.510083 0.360011
v 0.133446 0.529202 0.337351
v 0.296412 0.463787 0.239801
v 0.299921 0.48608 0.213998
v 0.271524 0.485623 0.242853
v 0.35168 0.46574 0.18258
v 0.355525 0.488369 0.156106
v 0.327952 0.486996 0.185052
v 0.304133 0.507519 0.188348
v 0.309046 0.528012 0.162942
v 0.280313 0.527219 0.192468
v 0.404872 0.469646 0.125481
v 0.408931 0.492489 0.0985799
v 0.382548 0.4902 0.127251
v 0.455257 0.475506 0.069237
v 0.459408 0.49844 0.0421524
v 0.434581 0.495236 0.070183
v 0.41357 0.514355 0.0720751
v 0.418788 0.535153 0.0460587
v 0.392314 0.532773 0.0749133
v 0.314661 0.547467 0.137872
v 0.320978 0.565793 0.113228
v 0.292032 0.564786 0.143182
v 0.370906 0.550397 0.0786974
v 0.377314 0.568815 0.0538712
v 0.349436 0.567136 0.0834277
v 0.327997 0.582899 0.0891039
v 0.335718 0.598692 0.0655899
v 0.306681 0.597593 0.0957263
v 0.337351 0.529202 0.133446
v 0.360011 0.510083 0.129906
v 0.365138 0.530789 0.104073
v 0.103295 0.611128 0.285578
v 0.111809 0.623411 0.26478
v 0.0812149 0.624052 0.294733
v 0.164422 0.610151 0.225427
v 0.173272 0.622771 0.203958
v 0.142525 0.622984 0.234491
v 0.121269 0.634352 0.244378
v 0.131676 0.643859 0.224465
v 0.100746 0.644164 0.25509
v 0.225427 0.610151 0.164422
v 0.234491 0.622984 0.142525
v 0.203958 0.622771 0.173272
v 0.285578 0.611128 0.103295
v 0.294733 0.624052 0.0812149
v 0.26478 0.623411 0.111809
v 0.244378 0.634352 0.121269
v 0.25509 0.644164 0.100746
v 0.224465 0.643859 0.131676
v 0.143028 0.651839 0.205132
v 0.155327 0.658202 0.186471
v 0.124184 0.658294 0.217522
v 0.205132 0.651839 0.143028
v 0.217522 0.658294 0.124184
v 0.186471 0.658202 0.155327
v 0.168572 0.662857 0.168572
v 0.182762 0.66571 0.151527
v 0.151527 0.66571 0.182762
v 0.162667 0.643706 0.193627
v 0.183007 0.633986 0.183007
v 0.193627 0.643706 0.162667
v 0.126046 0.596769 0.277185
v 0.173196 0.564115 0.262689
v 0.149377 0.581068 0.269556
v 0.156457 0.59622 0.247324
v 0.186868 0.595945 0.217187
v 0.221933 0.526822 0.251245
v 0.197412 0.546002 0.256586
v 0.246668 0.506665 0.246668
v 0.251245 0.526822 0.221933
v 0.256586 0.546002 0.197412
v 0.217187 0.595945 0.186868
v 0.247324 0.59622 0.156457
v 0.262689 0.564115 0.173196
v 0.269556 0.581068 0.149377
v 0.277185 0.596769 0.126046
v 0.209771 0.580457 0.209771
v 0.20318 0.563779 0.233041
v 0.233041 0.563779 0.20318
v 0.0967488 0.451626 0.451626
v 0.152688 0.401393 0.445919
v 0.124596 0.426891 0.448513
v 0.124596 0.448513 0.426891
v 0.152688 0.445919 0.401393
v 0.209238 0.348475 0.442287
v 0.180932 0.375224 0.443844
v 0.265665 0.293604 0.440731
v 0.237512 0.321238 0.44125
v 0.235986 0.345912 0.418102
v 0.262735 0.343989 0.393275
v 0.235224 0.370341 0.394435
v 0.180932 0.443844 0.375224
v 0.209238 0.442287 0.348475
v 0.235224 0.394435 0.370341
v 0.262735 0.393275 0.343989
v 0.235986 0.418102 0.345912
v 0.237512 0.44125 0.321238
v 0.265665 0.440731 0.293604
v 0.180108 0.421398 0.398494
v 0.180108 0.398494 0.421398
v 0.207651 0.396175 0.396175
v 0.321238 0.237512 0.44125
v 0.293604 0.265665 0.440731
v 0.375224 0.180932 0.443844
v 0.348475 0.209238 0.442287
v 0.345912 0.235986 0.418102
v 0.370341 0.235224 0.394435
v 0.343989 0.262735 0.393275
v 0.426891 0.124596 0.448513
v 0.401393 0.152688 0.445919
v 0.451626 0.0967488 0.451626
v 0.448513 0.124596 0.426891
v 0.445919 0.152688 0.401393
v 0.394435 0.235224 0.370341
v 0.418102 0.235986 0.345912
v 0.393275 0.262735 0.343989
v 0.443844 0.180932 0.375224
v 0.442287 0.209238 0.348475
v 0.44125 0.237512 0.321238
v 0.440731 0.265665 0.293604
v 0.396175 0.207651 0.396175
v 0.398494 0.180108 0.421398
v 0.421398 0.180108 0.398494
v 0.293604 0.440731 0.265665
v 0.321238 0.44125 0.237512
v 0.343989 0.393275 0.262735
v 0.370341 0.394435 0.235224
v 0.345912 0.418102 0.235986
v 0.348475 0.442287 0.209238
v 0.375224 0.443844 0.180932
v 0.393275 0.343989 0.262735
v 0.418102 0.345912 0.235986
v 0.394435 0.370341 0.235224
v 0.440731 0.293604 0.265665
v 0.44125 0.321238 0.237512
v 0.442287 0.348475 0.209238
v 0.443844 0.375224 0.180932
v 0.401393 0.445919 0.152688
v 0.426891 0.448513 0.124596
v 0.445919 0.401393 0.152688
v 0.448513 0.426891 0.124596
v 0.451626 0.451626 0.0967488
v 0.398494 0.421398 0.180108
v 0.396175 0.396175 0.207651
v 0.421398 0.398494 0.180108
v 0.291498 0.417003 0.291498
v 0.289393 0.3679 0.342707
v 0.290095 0.392696 0.31721
v 0.31721 0.392696 0.290095
v 0.342707 0.3679 0.289393
v 0.290095 0.31721 0.392696
v 0.289393 0.342707 0.3679
v 0.291498 0.291498 0.417003
v 0.31721 0.290095 0.392696
v 0.342707 0.289393 0.3679
v 0.3679 0.342707 0.289393
v 0.392696 0.31721 0.290095
v 0.3679 0.289393 0.342707
v 0.392696 0.290095 0.31721
v 0.417003 0.291498 0.291498
v 0.342067 0.342067 0.315867
v 0.315867 0.342067 0.342067
v 0.342067 0.315867 0.342067
v 0.174597 0.158974 0.666429
v 0.167147 0.167147 0.665706
v 0.158974 0.174597 0.666429
v 0.191149 0.144325 0.664526
v 0.184168 0.152968 0.662864
v 0.175549 0.159937 0.664514
v 0.159937 0.175549 0.664514
v 0.152968 0.184168 0.662864
v 0.144325 0.191149 0.664526
v 0.208541 0.130653 0.660806
v 0.202014 0.13975 0.658237
v 0.192994 0.146238 0.660768
v 0.22668 0.117958 0.655362
v 0.220591 0.127493 0.651916
v 0.211217 0.133501 0.655282
v 0.195712 0.14906 0.655229
v 0.189635 0.158572 0.651793
v 0.180176 0.164622 0.655202
v 0.146238 0.192994 0.660768
v 0.13975 0.202014 0.658237
v 0.130653 0.208541 0.660806
v 0.164622 0.180176 0.655202
v 0.158572 0.189635 0.651793
v 0.14906 0.195712 0.655229
v 0.133501 0.211217 0.655282
v 0.127493 0.220591 0.651916
v 0.117958 0.22668 0.655362
v 0.161831 0.17742 0.660749
v 0.17742 0.161831 0.660749
v 0.170905 0.170905 0.658191
v 0.245475 0.106239 0.648286
v 0.23981 0.116198 0.643992
v 0.230126 0.121725 0.648148
v 0.264835 0.0954971 0.639668
v 0.259578 0.105864 0.634558
v 0.249631 0.110911 0.639458
v 0.234355 0.126354 0.63929
v 0.22911 0.136698 0.634192
v 0.219018 0.141817 0.639165
v 0.284668 0.0857315 0.629601
v 0.279804 0.096491 0.623705
v 0.269639 0.101057 0.629303
v 0.304882 0.0769424 0.618176
v 0.300396 0.0880796 0.611525
v 0.29006 0.0921651 0.617775
v 0.275135 0.107434 0.617432
v 0.27066 0.118548 0.610792
v 0.260118 0.122736 0.617146
v 0.224074 0.147217 0.628708
v 0.219249 0.1579 0.622851
v 0.208764 0.162627 0.628609
v 0.245021 0.138062 0.616917
v 0.240573 0.149123 0.610304
v 0.229856 0.153399 0.616745
v 0.214633 0.168736 0.616631
v 0.210227 0.179713 0.61006
v 0.199365 0.184062 0.616573
v 0.239331 0.131811 0.628857
v 0.254524 0.116421 0.629055
v 0.249671 0.127158 0.623171
v 0.121725 0.230126 0.648148
v 0.116198 0.23981 0.643992
v 0.106239 0.245475 0.648286
v 0.141817 0.219018 0.639165
v 0.136698 0.22911 0.634192
v 0.126354 0.234355 0.63929
v 0.110911 0.249631 0.639458
v 0.105864 0.259578 0.634558
v 0.0954971 0.264835 0.639668
v 0.162627 0.208764 0.628609
v 0.1579 0.219249 0.622851
v 0.147217 0.224074 0.628708
v 0.184062 0.199365 0.616573
v 0.179713 0.210227 0.61006
v 0.168736 0.214633 0.616631
v 0.153399 0.229856 0.616745
v 0.149123 0.240573 0.610304
v 0.138062 0.245021 0.616917
v 0.101057 0.269639 0.629303
v 0.096491 0.279804 0.623705
v 0.0857315 0.284668 0.629601
v 0.122736 0.260118 0.617146
v 0.118548 0.27066 0.610792
v 0.107434 0.275135 0.617432
v 0.0921651 0.29006 0.617775
v 0.0880796 0.300396 0.611525
v 0.0769424 0.304882 0.618176
v 0.116421 0.254524 0.629055
v 0.131811 0.239331 0.628857
v 0.127158 0.249671 0.623171
v 0.137234 0.214721 0.648045
v 0.168274 0.183783 0.647942
v 0.152754 0.199269 0.647977
v 0.147169 0.209067 0.643763
v 0.157288 0.203631 0.639081
v 0.199269 0.152754 0.647977
v 0.183783 0.168274 0.647942
v 0.214721 0.137234 0.648045
v 0.209067 0.147169 0.643763
v 0.203631 0.157288 0.639081
v 0.167578 0.198413 0.634009
v 0.178029 0.193412 0.628559
v 0.198413 0.167578 0.634009
v 0.193412 0.178029 0.628559
v 0.188628 0.188628 0.622744
v 0.172755 0.188206 0.639039
v 0.178156 0.178156 0.643687
v 0.188206 0.172755 0.639039
v 0.325386 0.0691299 0.605484
v 0.321262 0.0806295 0.598108
v 0.310801 0.0842344 0.604965
v 0.346089 0.062294 0.591617
v 0.342312 0.0741407 0.583547
v 0.33177 0.0772649 0.590965
v 0.317318 0.0922968 0.590385
v 0.313553 0.104121 0.582326
v 0.302744 0.107378 0.589878
v 0.366898 0.0564346 0.576667
v 0.363454 0.0686132 0.567933
v 0.352877 0.0712568 0.575866
v 0.387723 0.0515518 0.560725
v 0.384595 0.064047 0.551358
v 0.37403 0.0662099 0.55976
v 0.360173 0.0809443 0.558883
v 0.357056 0.0934166 0.549527
v 0.346163 0.0957435 0.558093
v 0.309967 0.116089 0.573943
v 0.306561 0.128192 0.565248
v 0.29542 0.131117 0.573463
v 0.332013 0.110596 0.557391
v 0.328923 0.123015 0.548062
v 0.317732 0.125491 0.556777
v 0.303333 0.140416 0.556251
v 0.300285 0.152751 0.546964
v 0.288828 0.15536 0.555812
v 0.3244 0.101096 0.574504
v 0.338707 0.0861475 0.575145
v 0.335274 0.0983032 0.566423
v 0.408471 0.0476456 0.543883
v 0.405645 0.0604421 0.533913
v 0.395137 0.0621244 0.542739
v 0.429052 0.0447159 0.526232
v 0.426511 0.0577985 0.51569
v 0.416106 0.0590001 0.524893
v 0.402967 0.0733759 0.523657
v 0.400437 0.0864357 0.513127
v 0.389644 0.0878319 0.522524
v 0.449373 0.0427628 0.507864
v 0.447103 0.0561162 0.496781
v 0.436847 0.0568372 0.506316
v 0.469343 0.0417862 0.488871
v 0.467329 0.0553952 0.477276
v 0.457268 0.0556356 0.487097
v 0.444967 0.0695918 0.485441
v 0.442964 0.0831779 0.473858
v 0.432453 0.0836433 0.483904
v 0.398057 0.0996099 0.502333
v 0.395826 0.112887 0.491287
v 0.384761 0.114012 0.501227
v 0.419736 0.0977788 0.482485
v 0.41776 0.111312 0.470928
v 0.406829 0.111987 0.481184
v 0.393743 0.126256 0.480002
v 0.391809 0.139705 0.468487
v 0.380488 0.140574 0.478937
v 0.411178 0.0852722 0.50355
v 0.424112 0.0710108 0.504877
v 0.421853 0.0843414 0.493805
v 0.297417 0.165185 0.537398
v 0.294727 0.177707 0.527566
v 0.282969 0.180015 0.537017
v 0.320683 0.160913 0.518405
v 0.31828 0.17372 0.508
v 0.306502 0.175609 0.51789
v 0.292217 0.190305 0.517478
v 0.289887 0.202968 0.507145
v 0.277842 0.20499 0.517169
v 0.343934 0.157495 0.498572
v 0.341801 0.170573 0.487625
v 0.33005 0.172042 0.497908
v 0.367078 0.154931 0.477991
v 0.365201 0.168265 0.466534
v 0.353522 0.169315 0.477163
v 0.339833 0.183713 0.476454
v 0.338029 0.196903 0.465069
v 0.326022 0.198116 0.475863
v 0.287735 0.215684 0.49658
v 0.285763 0.228443 0.485794
v 0.273447 0.230194 0.496359
v 0.3121 0.212511 0.47539
v 0.310383 0.225525 0.464092
v 0.298079 0.226886 0.475035
v 0.28397 0.241232 0.474798
v 0.282356 0.25404 0.463604
v 0.269785 0.255535 0.47468
v 0.301939 0.201148 0.496912
v 0.316048 0.186597 0.497355
v 0.313988 0.199531 0.486481
v 0.311766 0.150359 0.537875
v 0.340121 0.120764 0.539115
v 0.326004 0.135548 0.538447
v 0.323258 0.148185 0.528558
v 0.33475 0.146228 0.519023
v 0.367942 0.0913223 0.540736
v 0.354104 0.106019 0.539878
v 0.381623 0.0766871 0.54169
v 0.378808 0.0894607 0.531731
v 0.376149 0.102356 0.521495
v 0.34623 0.144488 0.509282
v 0.357688 0.142966 0.499346
v 0.373647 0.115363 0.510991
v 0.371301 0.128468 0.500231
v 0.369111 0.141662 0.489228
v 0.348691 0.131566 0.519744
v 0.351315 0.118739 0.529946
v 0.362494 0.116938 0.520568
v 0.0842344 0.310801 0.604965
v 0.0806295 0.321262 0.598108
v 0.0691299 0.325386 0.605484
v 0.107378 0.302744 0.589878
v 0.104121 0.313553 0.582326
v 0.0922968 0.317318 0.590385
v 0.0772649 0.33177 0.590965
v 0.0741407 0.342312 0.583547
v 0.062294 0.346089 0.591617
v 0.131117 0.29542 0.573463
v 0.128192 0.306561 0.565248
v 0.116089 0.309967 0.573943
v 0.15536 0.288828 0.555812
v 0.152751 0.300285 0.546964
v 0.140416 0.303333 0.556251
v 0.125491 0.317732 0.556777
v 0.123015 0.328923 0.548062
v 0.110596 0.332013 0.557391
v 0.0712568 0.352877 0.575866
v 0.0686132 0.363454 0.567933
v 0.0564346 0.366898 0.576667
v 0.0957435 0.346163 0.558093
v 0.0934166 0.357056 0.549527
v 0.0809443 0.360173 0.558883
v 0.0662099 0.37403 0.55976
v 0.064047 0.384595 0.551358
v 0.0515518 0.387723 0.560725
v 0.0861475 0.338707 0.575145
v 0.101096 0.3244 0.574504
v 0.0983032 0.335274 0.566423
v 0.180015 0.282969 0.537017
v 0.177707 0.294727 0.527566
v 0.165185 0.297417 0.537398
v 0.20499 0.277842 0.517169
v 0.202968 0.289887 0.507145
v 0.190305 0.292217 0.517478
v 0.175609 0.306502 0.51789
v 0.17372 0.31828 0.508
v 0.160913 0.320683 0.518405
v 0.230194 0.273447 0.496359
v 0.228443 0.285763 0.485794
v 0.215684 0.287735 0.49658
v 0.255535 0.269785 0.47468
v 0.25404 0.282356 0.463604
v 0.241232 0.28397 0.474798
v 0.226886 0.298079 0.475035
v 0.225525 0.310383 0.464092
v 0.212511 0.3121 0.47539
v 0.172042 0.33005 0.497908
v 0.170573 0.341801 0.487625
v 0.157495 0.343934 0.498572
v 0.198116 0.326022 0.475863
v 0.196903 0.338029 0.465069
v 0.183713 0.339833 0.476454
v 0.169315 0.353522 0.477163
v 0.168265 0.365201 0.466534
v 0.154931 0.367078 0.477991
v 0.186597 0.316048 0.497355
v 0.201148 0.301939 0.496912
v 0.199531 0.313988 0.486481
v 0.0621244 0.395137 0.542739
v 0.0604421 0.405645 0.533913
v 0.0476456 0.408471 0.543883
v 0.0878319 0.389644 0.522524
v 0.0864357 0.400437 0.513127
v 0.0733759 0.402967 0.523657
v 0.0590001 0.416106 0.524893
v 0.0577985 0.426511 0.51569
v 0.0447159 0.429052 0.526232
v 0.114012 0.384761 0.501227
v 0.112887 0.395826 0.491287
v 0.0996099 0.398057 0.502333
v 0.140574 0.380488 0.478937
v 0.139705 0.391809 0.468487
v 0.126256 0.393743 0.480002
v 0.111987 0.406829 0.481184
v 0.111312 0.41776 0.470928
v 0.0977788 0.419736 0.482485
v 0.0568372 0.436847 0.506316
v 0.0561162 0.447103 0.496781
v 0.0427628 0.449373 0.507864
v 0.0836433 0.432453 0.483904
v 0.0831779 0.442964 0.473858
v 0.0695918 0.444967 0.485441
v 0.0556356 0.457268 0.487097
v 0.0553952 0.467329 0.477276
v 0.0417862 0.469343 0.488871
v 0.0710108 0.424112 0.504877
v 0.0852722 0.411178 0.50355
v 0.0843414 0.421853 0.493805
v 0.0766871 0.381623 0.54169
v 0.106019 0.354104 0.539878
v 0.0913223 0.367942 0.540736
v 0.0894607 0.378808 0.531731
v 0.102356 0.376149 0.521495
v 0.135548 0.326004 0.538447
v 0.120764 0.340121 0.539115
v 0.150359 0.311766 0.537875
v 0.148185 0.323258 0.528558
v 0.146228 0.33475 0.519023
v 0.115363 0.373647 0.510991
v 0.128468 0.371301 0.500231
v 0.144488 0.34623 0.509282
v 0.142966 0.357688 0.499346
v 0.141662 0.369111 0.489228
v 0.116938 0.362494 0.520568
v 0.118739 0.351315 0.529946
v 0.131566 0.348691 0.519744
v 0.0993922 0.296097 0.604511
v 0.129822 0.26638 0.603798
v 0.114592 0.281286 0.604122
v 0.110869 0.291984 0.597147
v 0.122498 0.288059 0.589443
v 0.160329 0.236328 0.603344
v 0.145072 0.25139 0.603538
v 0.19082 0.206031 0.603149
v 0.175582 0.221204 0.603214
v 0.171668 0.232284 0.596048
v 0.183129 0.228443 0.588428
v 0.167971 0.243455 0.588573
v 0.134268 0.284321 0.581411
v 0.146168 0.280769 0.573062
v 0.164492 0.254707 0.580801
v 0.176293 0.251205 0.572502
v 0.161231 0.266027 0.572742
v 0.158187 0.277405 0.564409
v 0.170312 0.274227 0.555461
v 0.137644 0.273275 0.58908
v 0.141245 0.262294 0.59646
v 0.152806 0.258403 0.588791
v 0.221204 0.175582 0.603214
v 0.206031 0.19082 0.603149
v 0.25139 0.145072 0.603538
v 0.236328 0.160329 0.603344
v 0.232284 0.171668 0.596048
v 0.243455 0.167971 0.588573
v 0.228443 0.183129 0.588428
v 0.281286 0.114592 0.604122
v 0.26638 0.129822 0.603798
v 0.296097 0.0993922 0.604511
v 0.291984 0.110869 0.597147
v 0.288059 0.122498 0.589443
v 0.254707 0.164492 0.580801
v 0.266027 0.161231 0.572742
v 0.251205 0.176293 0.572502
v 0.284321 0.134268 0.581411
v 0.280769 0.146168 0.573062
v 0.277405 0.158187 0.564409
v 0.274227 0.170312 0.555461
v 0.258403 0.152806 0.588791
v 0.262294 0.141245 0.59646
v 0.273275 0.137644 0.58908
v 0.182532 0.271236 0.546231
v 0.194837 0.268432 0.536731
v 0.212268 0.241867 0.545865
v 0.224412 0.239143 0.536445
v 0.20964 0.25382 0.53654
v 0.207214 0.265816 0.526971
v 0.219652 0.263386 0.516963
v 0.241867 0.212268 0.545865
v 0.25382 0.20964 0.53654
v 0.239143 0.224412 0.536445
v 0.271236 0.182532 0.546231
v 0.268432 0.194837 0.536731
v 0.265816 0.207214 0.526971
v 0.263386 0.219652 0.516963
v 0.232139 0.261143 0.506718
v 0.244665 0.259086 0.496249
v 0.261143 0.232139 0.506718
v 0.259086 0.244665 0.496249
v 0.257217 0.257217 0.485565
v 0.234279 0.248861 0.51686
v 0.236614 0.236614 0.526772
v 0.248861 0.234279 0.51686
v 0.18526 0.259542 0.555198
v 0.191344 0.236314 0.572341
v 0.188197 0.247898 0.563905
v 0.200193 0.244785 0.555022
v 0.215099 0.229967 0.554935
v 0.198268 0.213376 0.588356
v 0.194701 0.224803 0.580495
v 0.202045 0.202045 0.595911
v 0.213376 0.198268 0.588356
v 0.224803 0.194701 0.580495
v 0.229967 0.215099 0.554935
v 0.244785 0.200193 0.555022
v 0.236314 0.191344 0.572341
v 0.247898 0.188197 0.563905
v 0.259542 0.18526 0.555198
v 0.218131 0.218131 0.563737
v 0.206372 0.221366 0.572261
v 0.221366 0.206372 0.572261
v 0.488871 0.0417862 0.469343
v 0.487097 0.0556356 0.457268
v 0.477276 0.0553952 0.467329
v 0.507864 0.0427628 0.449373
v 0.506316 0.0568372 0.436847
v 0.496781 0.0561162 0.447103
v 0.485441 0.0695918 0.444967
v 0.483904 0.0836433 0.432453
v 0.473858 0.0831779 0.442964
v 0.526232 0.0447159 0.429052
v 0.524893 0.0590001 0.416106
v 0.51569 0.0577985 0.426511
v 0.543883 0.0476456 0.408471
v 0.542739 0.0621244 0.395137
v 0.533913 0.0604421 0.405645
v 0.523657 0.0733759 0.402967
v 0.522524 0.0878319 0.389644
v 0.513127 0.0864357 0.400437
v 0.482485 0.0977788 0.419736
v 0.481184 0.111987 0.406829
v 0.470928 0.111312 0.41776
v 0.502333 0.0996099 0.398057
v 0.501227 0.114012 0.384761
v 0.491287 0.112887 0.395826
v 0.480002 0.126256 0.393743
v 0.478937 0.140574 0.380488
v 0.468487 0.139705 0.391809
v 0.493805 0.0843414 0.421853
v 0.504877 0.0710108 0.424112
v 0.50355 0.0852722 0.411178
v 0.560725 0.0515518 0.387723
v 0.55976 0.0662099 0.37403
v 0.551358 0.064047 0.384595
v 0.576667 0.0564346 0.366898
v 0.575866 0.0712568 0.352877
v 0.567933 0.0686132 0.363454
v 0.558883 0.0809443 0.360173
v 0.558093 0.0957435 0.346163
v 0.549527 0.0934166 0.357056
v 0.591617 0.062294 0.346089
v 0.590965 0.0772649 0.33177
v 0.583547 0.0741407 0.342312
v 0.605484 0.0691299 0.325386
v 0.604965 0.0842344 0.310801
v 0.598108 0.0806295 0.321262
v 0.590385 0.0922968 0.317318
v 0.589878 0.107378 0.302744
v 0.582326 0.104121 0.313553
v 0.557391 0.110596 0.332013
v 0.556777 0.125491 0.317732
v 0.548062 0.123015 0.328923
v 0.573943 0.116089 0.309967
v 0.573463 0.131117 0.29542
v 0.565248 0.128192 0.306561
v 0.556251 0.140416 0.303333
v 0.555812 0.15536 0.288828
v 0.546964 0.152751 0.300285
v 0.566423 0.0983032 0.335274
v 0.575145 0.0861475 0.338707
v 0.574504 0.101096 0.3244
v 0.477991 0.154931 0.367078
v 0.477163 0.169315 0.353522
v 0.466534 0.168265 0.365201
v 0.498572 0.157495 0.343934
v 0.497908 0.172042 0.33005
v 0.487625 0.170573 0.341801
v 0.476454 0.183713 0.339833
v 0.475863 0.198116 0.326022
v 0.465069 0.196903 0.338029
v 0.518405 0.160913 0.320683
v 0.51789 0.175609 0.306502
v 0.508 0.17372 0.31828
v 0.537398 0.165185 0.297417
v 0.537017 0.180015 0.282969
v 0.527566 0.177707 0.294727
v 0.517478 0.190305 0.292217
v 0.517169 0.20499 0.277842
v 0.507145 0.202968 0.289887
v 0.47539 0.212511 0.3121
v 0.475035 0.226886 0.298079
v 0.464092 0.225525 0.310383
v 0.49658 0.215684 0.287735
v 0.496359 0.230194 0.273447
v 0.485794 0.228443 0.285763
v 0.474798 0.241232 0.28397
v 0.47468 0.255535 0.269785
v 0.463604 0.25404 0.282356
v 0.486481 0.199531 0.313988
v 0.497355 0.186597 0.316048
v 0.496912 0.201148 0.301939
v 0.489228 0.141662 0.369111
v 0.510991 0.115363 0.373647
v 0.500231 0.128468 0.371301
v 0.499346 0.142966 0.357688
v 0.509282 0.144488 0.34623
v 0.531731 0.0894607 0.378808
v 0.521495 0.102356 0.376149
v 0.54169 0.0766871 0.381623
v 0.540736 0.0913223 0.367942
v 0.539878 0.106019 0.354104
v 0.519023 0.146228 0.33475
v 0.528558 0.148185 0.323258
v 0.539115 0.120764 0.340121
v 0.538447 0.135548 0.326004
v 0.537875 0.150359 0.311766
v 0.519744 0.131566 0.348691
v 0.520568 0.116938 0.362494
v 0.529946 0.118739 0.351315
v 0.618176 0.0769424 0.304882
v 0.617775 0.0921651 0.29006
v 0.611525 0.0880796 0.300396
v 0.629601 0.0857315 0.284668
v 0.629303 0.101057 0.269639
v 0.623705 0.096491 0.279804
v 0.617432 0.107434 0.275135
v 0.617146 0.122736 0.260118
v 0.610792 0.118548 0.27066
v 0.639668 0.0954971 0.264835
v 0.639458 0.110911 0.249631
v 0.634558 0.105864 0.259578
v 0.648286 0.106239 0.245475
v 0.648148 0.121725 0.230126
v 0.643992 0.116198 0.23981
v 0.63929 0.126354 0.234355
v 0.639165 0.141817 0.219018
v 0.634192 0.136698 0.22911
v 0.616917 0.138062 0.245021
v 0.616745 0.153399 0.229856
v 0.610304 0.149123 0.240573
v 0.628708 0.147217 0.224074
v 0.628609 0.162627 0.208764
v 0.622851 0.1579 0.219249
v 0.616631 0.168736 0.214633
v 0.616573 0.184062 0.199365
v 0.61006 0.179713 0.210227
v 0.623171 0.127158 0.249671
v 0.629055 0.116421 0.254524
v 0.628857 0.131811 0.239331
v 0.655362 0.117958 0.22668
v 0.655282 0.133501 0.211217
v 0.651916 0.127493 0.220591
v 0.660806 0.130653 0.208541
v 0.660768 0.146238 0.192994
v 0.658237 0.13975 0.202014
v 0.655229 0.14906 0.195712
v 0.655202 0.164622 0.180176
v 0.651793 0.158572 0.189635
v 0.664526 0.144325 0.191149
v 0.664514 0.159937 0.175549
v 0.662864 0.152968 0.184168
v 0.666429 0.158974 0.174597
v 0.666429 0.174597 0.158974
v 0.665706 0.167147 0.167147
v 0.664514 0.175549 0.159937
v 0.664526 0.191149 0.144325
v 0.662864 0.184168 0.152968
v 0.655202 0.180176 0.164622
v 0.655229 0.195712 0.14906
v 0.651793 0.189635 0.158572
v 0.660768 0.192994 0.146238
v 0.660806 0.208541 0.130653
v 0.658237 0.202014 0.13975
v 0.655282 0.211217 0.133501
v 0.655362 0.22668 0.117958
v 0.651916 0.220591 0.127493
v 0.658191 0.170905 0.170905
v 0.660749 0.161831 0.17742
v 0.660749 0.17742 0.161831
v 0.616573 0.199365 0.184062
v 0.616631 0.214633 0.168736
v 0.61006 0.210227 0.179713
v 0.628609 0.208764 0.162627
v 0.628708 0.224074 0.147217
v 0.622851 0.219249 0.1579
v 0.616745 0.229856 0.153399
v 0.616917 0.245021 0.138062
v 0.610304 0.240573 0.149123
v 0.639165 0.219018 0.141817
v 0.63929 0.234355 0.126354
v 0.634192 0.22911 0.136698
v 0.648148 0.230126 0.121725
v 0.648286 0.245475 0.106239
v 0.643992 0.23981 0.116198
v 0.639458 0.249631 0.110911
v 0.639668 0.264835 0.0954971
v 0.634558 0.259578 0.105864
v 0.617146 0.260118 0.122736
v 0.617432 0.275135 0.107434
v 0.610792 0.27066 0.118548
v 0.629303 0.269639 0.101057
v 0.629601 0.284668 0.0857315
v 0.623705 0.279804 0.096491
v 0.617775 0.29006 0.0921651
v 0.618176 0.304882 0.0769424
v 0.611525 0.300396 0.0880796
v 0.623171 0.249671 0.127158
v 0.628857 0.239331 0.131811
v 0.629055 0.254524 0.116421
v 0.622744 0.188628 0.188628
v 0.634009 0.167578 0.198413
v 0.628559 0.178029 0.193412
v 0.628559 0.193412 0.178029
v 0.634009 0.198413 0.167578
v 0.643763 0.147169 0.209067
v 0.639081 0.157288 0.203631
v 0.648045 0.137234 0.214721
v 0.647977 0.152754 0.199269
v 0.647942 0.168274 0.183783
v 0.639081 0.203631 0.157288
v 0.643763 0.209067 0.147169
v 0.647942 0.183783 0.168274
v 0.647977 0.199269 0.152754
v 0.648045 0.214721 0.137234
v 0.639039 0.188206 0.172755
v 0.639039 0.172755 0.188206
v 0.643687 0.178156 0.178156
v 0.47468 0.269785 0.255535
v 0.474798 0.28397 0.241232
v 0.463604 0.282356 0.25404
v 0.496359 0.273447 0.230194
v 0.49658 0.287735 0.215684
v 0.485794 0.285763 0.228443
v 0.475035 0.298079 0.226886
v 0.47539 0.3121 0.212511
v 0.464092 0.310383 0.225525
v 0.517169 0.277842 0.20499
v 0.517478 0.292217 0.190305
v 0.507145 0.289887 0.202968
v 0.537017 0.282969 0.180015
v 0.537398 0.297417 0.165185
v 0.527566 0.294727 0.177707
v 0.51789 0.306502 0.175609
v 0.518405 0.320683 0.160913
v 0.508 0.31828 0.17372
v 0.475863 0.326022 0.198116
v 0.476454 0.339833 0.183713
v 0.465069 0.338029 0.196903
v 0.497908 0.33005 0.172042
v 0.498572 0.343934 0.157495
v 0.487625 0.341801 0.170573
v 0.477163 0.353522 0.169315
v 0.477991 0.367078 0.154931
v 0.466534 0.365201 0.168265
v 0.486481 0.313988 0.199531
v 0.496912 0.301939 0.201148
v 0.497355 0.316048 0.186597
v 0.555812 0.288828 0.15536
v 0.556251 0.303333 0.140416
v 0.546964 0.300285 0.152751
v 0.573463 0.29542 0.131117
v 0.573943 0.309967 0.116089
v 0.565248 0.306561 0.128192
v 0.556777 0.317732 0.125491
v 0.557391 0.332013 0.110596
v 0.548062 0.328923 0.123015
v 0.589878 0.302744 0.107378
v 0.590385 0.317318 0.0922968
v 0.582326 0.313553 0.104121
v 0.604965 0.310801 0.0842344
v 0.605484 0.325386 0.0691299
v 0.598108 0.321262 0.0806295
v 0.590965 0.33177 0.0772649
v 0.591617 0.346089 0.062294
v 0.583547 0.342312 0.0741407
v 0.558093 0.346163 0.0957435
v 0.558883 0.360173 0.0809443
v 0.549527 0.357056 0.0934166
v 0.575866 0.352877 0.0712568
v 0.576667 0.366898 0.0564346
v 0.567933 0.363454 0.0686132
v 0.55976 0.37403 0.0662099
v 0.560725 0.387723 0.0515518
v 0.551358 0.384595 0.064047
v 0.566423 0.335274 0.0983032
v 0.574504 0.3244 0.101096
v 0.575145 0.338707 0.0861475
v 0.478937 0.380488 0.140574
v 0.480002 0.393743 0.126256
v 0.468487 0.391809 0.139705
v 0.501227 0.384761 0.114012
v 0.502333 0.398057 0.0996099
v 0.491287 0.395826 0.112887
v 0.481184 0.406829 0.111987
v 0.482485 0.419736 0.0977788
v 0.470928 0.41776 0.111312
v 0.522524 0.389644 0.0878319
v 0.523657 0.402967 0.0733759
v 0.513127 0.400437 0.0864357
v 0.542739 0.395137 0.0621244
v 0.543883 0.408471 0.0476456
v 0.533913 0.405645 0.0604421
v 0.524893 0.416106 0.0590001
v 0.526232 0.429052 0.0447159
v 0.51569 0.426511 0.0577985
v 0.483904 0.432453 0.0836433
v 0.485441 0.444967 0.0695918
v 0.473858 0.442964 0.0831779
v 0.506316 0.436847 0.0568372
v 0.507864 0.449373 0.0427628
v 0.496781 0.447103 0.0561162
v 0.487097 0.457268 0.0556356
v 0.488871 0.469343 0.0417862
v 0.477276 0.467329 0.0553952
v 0.493805 0.421853 0.0843414
v 0.50355 0.411178 0.0852722
v 0.504877 0.424112 0.0710108
v 0.489228 0.369111 0.141662
v 0.509282 0.34623 0.144488
v 0.499346 0.357688 0.142966
v 0.500231 0.371301 0.128468
v 0.510991 0.373647 0.115363
v 0.528558 0.323258 0.148185
v 0.519023 0.33475 0.146228
v 0.537875 0.311766 0.150359
v 0.538447 0.326004 0.135548
v 0.539115 0.340121 0.120764
v 0.521495 0.376149 0.102356
v 0.531731 0.378808 0.0894607
v 0.539878 0.354104 0.106019
v 0.540736 0.367942 0.0913223
v 0.54169 0.381623 0.0766871
v 0.520568 0.362494 0.116938
v 0.519744 0.348691 0.131566
v 0.529946 0.351315 0.118739
v 0.485565 0.257217 0.257217
v 0.506718 0.232139 0.261143
v 0.496249 0.244665 0.259086
v 0.496249 0.259086 0.244665
v 0.506718 0.261143 0.232139
v 0.526971 0.207214 0.265816
v 0.516963 0.219652 0.263386
v 0.546231 0.182532 0.271236
v 0.536731 0.194837 0.268432
v 0.53654 0.20964 0.25382
v 0.545865 0.212268 0.241867
v 0.536445 0.224412 0.239143
v 0.516963 0.263386 0.219652
v 0.526971 0.265816 0.207214
v 0.536445 0.239143 0.224412
v 0.545865 0.241867 0.212268
v 0.53654 0.25382 0.20964
v 0.536731 0.268432 0.194837
v 0.546231 0.271236 0.182532
v 0.51686 0.248861 0.234279
v 0.51686 0.234279 0.248861
v 0.526772 0.236614 0.236614
v 0.564409 0.158187 0.277405
v 0.555461 0.170312 0.274227
v 0.581411 0.134268 0.284321
v 0.573062 0.146168 0.280769
v 0.572742 0.161231 0.266027
v 0.580801 0.164492 0.254707
v 0.572502 0.176293 0.251205
v 0.597147 0.110869 0.291984
v 0.589443 0.122498 0.288059
v 0.604511 0.0993922 0.296097
v 0.604122 0.114592 0.281286
v 0.603798 0.129822 0.26638
v 0.588573 0.167971 0.243455
v 0.596048 0.171668 0.232284
v 0.588428 0.183129 0.228443
v 0.603538 0.145072 0.25139
v 0.603344 0.160329 0.236328
v 0.603214 0.175582 0.221204
v 0.603149 0.19082 0.206031
