v 0.166626 0.166626 0.666748
v 0.666748 0.166626 0.166626
v 0.166626 0.666748 0.166626
v 0.479187 0.041626 0.479187
v 0.479187 0.479187 0.041626
v 0.041626 0.479187 0.479187
v 0.315094 0.072876 0.61203
v 0.268219 0.268219 0.463562
v 0.072876 0.315094 0.61203
v 0.61203 0.072876 0.315094
v 0.61203 0.315094 0.072876
v 0.463562 0.268219 0.268219
v 0.268219 0.463562 0.268219
v 0.315094 0.61203 0.072876
v 0.072876 0.61203 0.315094
v 0.235977 0.111938 0.652084
v 0.194962 0.194962 0.610077
v 0.111938 0.235977 0.652084
v 0.398117 0.0494385 0.552444
v 0.378586 0.153946 0.467468
v 0.285797 0.167618 0.546585
v 0.167618 0.285797 0.546585
v 0.153946 0.378586 0.467468
v 0.0494385 0.398117 0.552444
v 0.552444 0.0494385 0.398117
v 0.546585 0.167618 0.285797
v 0.467468 0.153946 0.378586
v 0.652084 0.111938 0.235977
v 0.652084 0.235977 0.111938
v 0.610077 0.194962 0.194962
v 0.546585 0.285797 0.167618
v 0.552444 0.398117 0.0494385
v 0.467468 0.378586 0.153946
v 0.153946 0.467468 0.378586
v 0.167618 0.546585 0.285797
v 0.0494385 0.552444 0.398117
v 0.378586 0.467468 0.153946
v 0.398117 0.552444 0.0494385
v 0.285797 0.546585 0.167618
v 0.194962 0.610077 0.194962
v 0.235977 0.652084 0.111938
v 0.111938 0.652084 0.235977
v 0.26236 0.36882 0.36882
v 0.36882 0.26236 0.36882
v 0.36882 0.36882 0.26236
v 0.199715 0.137329 0.662956
v 0.17408 0.17408 0.65184
v 0.137329 0.199715 0.662956
v 0.274681 0.0904541 0.634865
v 0.255638 0.133797 0.610565
v 0.21376 0.152107 0.634132
v 0.152107 0.21376 0.634132
v 0.133797 0.255638 0.610565
v 0.0904541 0.274681 0.634865
v 0.356483 0.0592041 0.584312
v 0.343056 0.108162 0.548782
v 0.298981 0.119148 0.581871
v 0.439262 0.0435791 0.517159
v 0.430473 0.0971756 0.472351
v 0.387131 0.100838 0.512032
v 0.332314 0.159073 0.508614
v 0.324257 0.211205 0.464539
v 0.275543 0.217552 0.506905
v 0.119148 0.298981 0.581871
v 0.108162 0.343056 0.548782
v 0.0592041 0.356483 0.584312
v 0.217552 0.275543 0.506905
v 0.211205 0.324257 0.464539
v 0.159073 0.332314 0.508614
v 0.100838 0.387131 0.512032
v 0.0971756 0.430473 0.472351
v 0.0435791 0.439262 0.517159
v 0.179581 0.239769 0.58065
v 0.239769 0.179581 0.58065
v 0.227074 0.227074 0.545853
v 0.517159 0.0435791 0.439262
v 0.512032 0.100838 0.387131
v 0.472351 0.0971756 0.430473
v 0.584312 0.0592041 0.356483
v 0.581871 0.119148 0.298981
v 0.548782 0.108162 0.343056
v 0.508614 0.159073 0.332314
v 0.506905 0.217552 0.275543
v 0.464539 0.211205 0.324257
v 0.634865 0.0904541 0.274681
v 0.634132 0.152107 0.21376
v 0.610565 0.133797 0.255638
v 0.662956 0.137329 0.199715
v 0.662956 0.199715 0.137329
v 0.65184 0.17408 0.17408
v 0.634132 0.21376 0.152107
v 0.634865 0.274681 0.0904541
v 0.610565 0.255638 0.133797
v 0.506905 0.275543 0.217552
v 0.508614 0.332314 0.159073
v 0.464539 0.324257 0.211205
v 0.581871 0.298981 0.119148
v 0.584312 0.356483 0.0592041
v 0.548782 0.343056 0.108162
v 0.512032 0.387131 0.100838
v 0.517159 0.439262 0.0435791
v 0.472351 0.430473 0.0971756
v 0.545853 0.227074 0.227074
v 0.58065 0.179581 0.239769
v 0.58065 0.239769 0.179581
v 0.0971756 0.472351 0.430473
v 0.100838 0.512032 0.387131
v 0.0435791 0.517159 0.439262
v 0.211205 0.464539 0.324257
v 0.217552 0.506905 0.275543
v 0.159073 0.508614 0.332314
v 0.108162 0.548782 0.343056
v 0.119148 0.581871 0.298981
v 0.0592041 0.584312 0.356483
v 0.324257 0.464539 0.211205
v 0.332314 0.508614 0.159073
v 0.275543 0.506905 0.217552
v 0.430473 0.472351 0.0971756
v 0.439262 0.517159 0.0435791
v 0.387131 0.512032 0.100838
v 0.343056 0.548782 0.108162
v 0.356483 0.584312 0.0592041
v 0.298981 0.581871 0.119148
v 0.133797 0.610565 0.255638
v 0.152107 0.634132 0.21376
v 0.0904541 0.634865 0.274681
v 0.255638 0.610565 0.133797
v 0.274681 0.634865 0.0904541
v 0.21376 0.634132 0.152107
v 0.17408 0.65184 0.17408
v 0.199715 0.662956 0.137329
v 0.137329 0.662956 0.199715
v 0.179581 0.58065 0.239769
v 0.227074 0.545853 0.227074
v 0.239769 0.58065 0.179581
v 0.152237 0.423882 0.423882
v 0.263824 0.318886 0.41729
v 0.208031 0.372482 0.419487
v 0.208031 0.419487 0.372482
v 0.263824 0.41729 0.318886
v 0.372482 0.208031 0.419487
v 0.318886 0.263824 0.41729
v 0.423882 0.152237 0.423882
v 0.419487 0.208031 0.372482
v 0.41729 0.263824 0.318886
v 0.318886 0.41729 0.263824
v 0.372482 0.419487 0.208031
v 0.41729 0.318886 0.263824
v 0.419487 0.372482 0.208031
v 0.423882 0.423882 0.152237
v 0.3162 0.367599 0.3162
v 0.3162 0.3162 0.367599
v 0.367599 0.3162 0.3162
v 0.182728 0.151489 0.665783
v 0.168537 0.168537 0.662926
v 0.151489 0.182728 0.665783
v 0.217495 0.124146 0.65836
v 0.205105 0.142994 0.651901
v 0.18644 0.155293 0.658268
v 0.155293 0.18644 0.658268
v 0.142994 0.205105 0.651901
v 0.124146 0.217495 0.65836
v 0.25507 0.100708 0.644222
v 0.244358 0.121235 0.634407
v 0.224442 0.131641 0.643917
v 0.29472 0.0811768 0.624104
v 0.285564 0.10326 0.611176
v 0.264763 0.111774 0.623463
v 0.23447 0.142494 0.623035
v 0.225407 0.164394 0.610199
v 0.203934 0.173244 0.622822
v 0.131641 0.224442 0.643917
v 0.121235 0.244358 0.634407
v 0.100708 0.25507 0.644222
v 0.173244 0.203934 0.622822
v 0.164394 0.225407 0.610199
v 0.142494 0.23447 0.623035
v 0.111774 0.264763 0.623463
v 0.10326 0.285564 0.611176
v 0.0811768 0.29472 0.624104
v 0.162636 0.1936 0.643764
v 0.1936 0.162636 0.643764
v 0.18298 0.18298 0.634041
v 0.335712 0.0655518 0.598736
v 0.327991 0.0890694 0.582939
v 0.306671 0.0956917 0.597637
v 0.377316 0.053833 0.568851
v 0.370907 0.0786629 0.55043
v 0.349434 0.0833931 0.567173
v 0.320972 0.113197 0.56583
v 0.314655 0.137844 0.547501
v 0.292023 0.143154 0.564823
v 0.418797 0.0460205 0.535183
v 0.413578 0.0720406 0.514381
v 0.392319 0.0748787 0.532803
v 0.459423 0.0421143 0.498463
v 0.455273 0.0692024 0.475525
v 0.434593 0.0701485 0.495258
v 0.408939 0.0985489 0.492512
v 0.404881 0.125454 0.469666
v 0.382553 0.127224 0.490223
v 0.30904 0.162918 0.528042
v 0.304127 0.188328 0.507545
v 0.280304 0.192448 0.527248
v 0.355526 0.156082 0.488392
v 0.351681 0.18256 0.465759
v 0.32795 0.185032 0.487019
v 0.299915 0.213982 0.486103
v 0.296406 0.239788 0.463806
v 0.271515 0.24284 0.485645
v 0.337349 0.133419 0.529232
v 0.365139 0.104042 0.530819
v 0.360012 0.129879 0.510109
v 0.0956917 0.306671 0.597637
v 0.0890694 0.327991 0.582939
v 0.0655518 0.335712 0.598736
v 0.143154 0.292023 0.564823
v 0.137844 0.314655 0.547501
v 0.113197 0.320972 0.56583
v 0.0833931 0.349434 0.567173
v 0.0786629 0.370907 0.55043
v 0.053833 0.377316 0.568851
v 0.192448 0.280304 0.527248
v 0.188328 0.304127 0.507545
v 0.162918 0.30904 0.528042
v 0.24284 0.271515 0.485645
v 0.239788 0.296406 0.463806
v 0.213982 0.299915 0.486103
v 0.185032 0.32795 0.487019
v 0.18256 0.351681 0.465759
v 0.156082 0.355526 0.488392
v 0.0748787 0.392319 0.532803
v 0.0720406 0.413578 0.514381
v 0.0460205 0.418797 0.535183
v 0.127224 0.382553 0.490223
v 0.125454 0.404881 0.469666
v 0.0985489 0.408939 0.492512
v 0.0701485 0.434593 0.495258
v 0.0692024 0.455273 0.475525
v 0.0421143 0.459423 0.498463
v 0.104042 0.365139 0.530819
v 0.133419 0.337349 0.529232
v 0.129879 0.360012 0.510109
v 0.126015 0.277172 0.596813
v 0.186844 0.217167 0.595989
v 0.156429 0.247307 0.596264
v 0.149349 0.269543 0.581108
v 0.173172 0.262676 0.564152
v 0.247307 0.156429 0.596264
v 0.217167 0.186844 0.595989
v 0.277172 0.126015 0.596813
v 0.269543 0.149349 0.581108
v 0.262676 0.173172 0.564152
v 0.197392 0.256573 0.546036
v 0.221916 0.251232 0.526852
v 0.256573 0.197392 0.546036
v 0.251232 0.221916 0.526852
v 0.246655 0.246655 0.506691
v 0.203159 0.233025 0.563816
v 0.209751 0.209751 0.580498
v 0.233025 0.203159 0.563816
v 0.498463 0.0421143 0.459423
v 0.495258 0.0701485 0.434593
v 0.475525 0.0692024 0.455273
v 0.535183 0.0460205 0.418797
v 0.532803 0.0748787 0.392319
v 0.514381 0.0720406 0.413578
v 0.492512 0.0985489 0.408939
v 0.490223 0.127224 0.382553
v 0.469666 0.125454 0.404881
v 0.568851 0.053833 0.377316
v 0.567173 0.0833931 0.349434
v 0.55043 0.0786629 0.370907
v 0.598736 0.0655518 0.335712
v 0.597637 0.0956917 0.306671
v 0.582939 0.0890694 0.327991
v 0.56583 0.113197 0.320972
v 0.564823 0.143154 0.292023
v 0.547501 0.137844 0.314655
v 0.488392 0.156082 0.355526
v 0.487019 0.185032 0.32795
v 0.465759 0.18256 0.351681
v 0.528042 0.162918 0.30904
v 0.527248 0.192448 0.280304
v 0.507545 0.188328 0.304127
v 0.486103 0.213982 0.299915
v 0.485645 0.24284 0.271515
v 0.463806 0.239788 0.296406
v 0.510109 0.129879 0.360012
v 0.530819 0.104042 0.365139
v 0.529232 0.133419 0.337349
v 0.624104 0.0811768 0.29472
v 0.623463 0.111774 0.264763
v 0.611176 0.10326 0.285564
v 0.644222 0.100708 0.25507
v 0.643917 0.131641 0.224442
v 0.634407 0.121235 0.244358
v 0.623035 0.142494 0.23447
v 0.622822 0.173244 0.203934
v 0.610199 0.164394 0.225407
v 0.65836 0.124146 0.217495
v 0.658268 0.155293 0.18644
v 0.651901 0.142994 0.205105
v 0.665783 0.151489 0.182728
v 0.665783 0.182728 0.151489
v 0.662926 0.168537 0.168537
v 0.658268 0.18644 0.155293
v 0.65836 0.217495 0.124146
v 0.651901 0.205105 0.142994
v 0.622822 0.203934 0.173244
v 0.623035 0.23447 0.142494
v 0.610199 0.225407 0.164394
v 0.643917 0.224442 0.131641
v 0.644222 0.25507 0.100708
v 0.634407 0.244358 0.121235
v 0.623463 0.264763 0.111774
v 0.624104 0.29472 0.0811768
v 0.611176 0.285564 0.10326
v 0.634041 0.18298 0.18298
v 0.643764 0.162636 0.1936
v 0.643764 0.1936 0.162636
v 0.485645 0.271515 0.24284
v 0.486103 0.299915 0.213982
v 0.463806 0.296406 0.239788
v 0.527248 0.280304 0.192448
v 0.528042 0.30904 0.162918
v 0.507545 0.304127 0.188328
v 0.487019 0.32795 0.185032
v 0.488392 0.355526 0.156082
v 0.465759 0.351681 0.18256
v 0.564823 0.292023 0.143154
v 0.56583 0.320972 0.113197
v 0.547501 0.314655 0.137844
v 0.597637 0.306671 0.0956917
v 0.598736 0.335712 0.0655518
v 0.582939 0.327991 0.0890694
v 0.567173 0.349434 0.0833931
v 0.568851 0.377316 0.053833
v 0.55043 0.370907 0.0786629
v 0.490223 0.382553 0.127224
v 0.492512 0.408939 0.0985489
v 0.469666 0.404881 0.125454
v 0.532803 0.392319 0.0748787
v 0.535183 0.418797 0.0460205
v 0.514381 0.413578 0.0720406
v 0.495258 0.434593 0.0701485
v 0.498463 0.459423 0.0421143
v 0.475525 0.455273 0.0692024
v 0.510109 0.360012 0.129879
v 0.529232 0.337349 0.133419
v 0.530819 0.365139 0.104042
v 0.506691 0.246655 0.246655
v 0.546036 0.197392 0.256573
v 0.526852 0.221916 0.251232
v 0.526852 0.251232 0.221916
v 0.546036 0.256573 0.197392
v 0.581108 0.149349 0.269543
v 0.564152 0.173172 0.262676
v 0.596813 0.126015 0.277172
v 0.596264 0.156429 0.247307
v 0.595989 0.186844 0.217167
v 0.564152 0.262676 0.173172
v 0.581108 0.269543 0.149349
v 0.595989 0.217167 0.186844
v 0.596264 0.247307 0.156429
v 0.596813 0.277172 0.126015
v 0.563816 0.233025 0.203159
v 0.563816 0.203159 0.233025
v 0.580498 0.209751 0.209751
v 0.0692024 0.475525 0.455273
v 0.0701485 0.495258 0.434593
v 0.0421143 0.498463 0.459423
v 0.125454 0.469666 0.404881
v 0.127224 0.490223 0.382553
v 0.0985489 0.492512 0.408939
v 0.0720406 0.514381 0.413578
v 0.0748787 0.532803 0.392319
v 0.0460205 0.535183 0.418797
v 0.18256 0.465759 0.351681
v 0.185032 0.487019 0.32795
v 0.156082 0.488392 0.355526
v 0.239788 0.463806 0.296406
v 0.24284 0.485645 0.271515
v 0.213982 0.486103 0.299915
v 0.188328 0.507545 0.304127
v 0.192448 0.527248 0.280304
v 0.162918 0.528042 0.30904
v 0.0786629 0.55043 0.370907
v 0.0833931 0.567173 0.349434
v 0.053833 0.568851 0.377316
v 0.137844 0.547501 0.314655
v 0.143154 0.564823 0.292023
v 0.113197 0.56583 0.320972
v 0.0890694 0.582939 0.327991
v 0.0956917 0.597637 0.306671
v 0.0655518 0.598736 0.335712
v 0.104042 0.530819 0.365139
v 0.129879 0.510109 0.360012
v 0.133419 0.529232 0.337349
v 0.296406 0.463806 0.239788
v 0.299915 0.486103 0.213982
v 0.271515 0.485645 0.24284
v 0.351681 0.465759 0.18256
v 0.355526 0.488392 0.156082
v 0.32795 0.487019 0.185032
v 0.304127 0.507545 0.188328
v 0.30904 0.528042 0.162918
v 0.280304 0.527248 0.192448
v 0.404881 0.469666 0.125454
v 0.408939 0.492512 0.0985489
v 0.382553 0.490223 0.127224
v 0.455273 0.475525 0.0692024
v 0.459423 0.498463 0.0421143
v 0.434593 0.495258 0.0701485
v 0.413578 0.514381 0.0720406
v 0.418797 0.535183 0.0460205
v 0.392319 0.532803 0.0748787
v 0.314655 0.547501 0.137844
v 0.320972 0.56583 0.113197
v 0.292023 0.564823 0.143154
v 0.370907 0.55043 0.0786629
v 0.377316 0.568851 0.053833
v 0.349434 0.567173 0.0833931
v 0.327991 0.582939 0.0890694
v 0.335712 0.598736 0.0655518
v 0.306671 0.597637 0.0956917
v 0.337349 0.529232 0.133419
v 0.360012 0.510109 0.129879
v 0.365139 0.530819 0.104042
v 0.10326 0.611176 0.285564
v 0.111774 0.623463 0.264763
v 0.0811768 0.624104 0.29472
v 0.164394 0.610199 0.225407
v 0.173244 0.622822 0.203934
v 0.142494 0.623035 0.23447
v 0.121235 0.634407 0.244358
v 0.131641 0.643917 0.224442
v 0.100708 0.644222 0.25507
v 0.225407 0.610199 0.164394
v 0.23447 0.623035 0.142494
v 0.203934 0.622822 0.173244
v 0.285564 0.611176 0.10326
v 0.29472 0.624104 0.0811768
v 0.264763 0.623463 0.111774
v 0.244358 0.634407 0.121235
v 0.25507 0.644222 0.100708
v 0.224442 0.643917 0.131641
v 0.142994 0.651901 0.205105
v 0.155293 0.658268 0.18644
v 0.124146 0.65836 0.217495
v 0.205105 0.651901 0.142994
v 0.217495 0.65836 0.124146
v 0.18644 0.658268 0.155293
v 0.168537 0.662926 0.168537
v 0.182728 0.665783 0.151489
v 0.151489 0.665783 0.182728
v 0.162636 0.643764 0.1936
v 0.18298 0.634041 0.18298
v 0.1936 0.643764 0.162636
v 0.126015 0.596813 0.277172
v 0.173172 0.564152 0.262676
v 0.149349 0.581108 0.269543
v 0.156429 0.596264 0.247307
v 0.186844 0.595989 0.217167
v 0.221916 0.526852 0.251232
v 0.197392 0.546036 0.256573
v 0.246655 0.506691 0.246655
v 0.251232 0.526852 0.221916
v 0.256573 0.546036 0.197392
v 0.217167 0.595989 0.186844
v 0.247307 0.596264 0.156429
v 0.262676 0.564152 0.173172
v 0.269543 0.581108 0.149349
v 0.277172 0.596813 0.126015
v 0.209751 0.580498 0.209751
v 0.203159 0.563816 0.233025
v 0.233025 0.563816 0.203159
v 0.0967178 0.451641 0.451641
v 0.152664 0.401402 0.445934
v 0.124569 0.426903 0.448528
v 0.124569 0.448528 0.426903
v 0.152664 0.445934 0.401402
v 0.209221 0.348476 0.442303
v 0.180912 0.375229 0.443859
v 0.265656 0.293598 0.440746
v 0.237499 0.321236 0.441265
v 0.235973 0.345913 0.418114
v 0.262726 0.34399 0.393284
v 0.23521 0.370346 0.394444
v 0.180912 0.443859 0.375229
v 0.209221 0.442303 0.348476
v 0.23521 0.394444 0.370346
v 0.262726 0.393284 0.34399
v 0.235973 0.418114 0.345913
v 0.237499 0.441265 0.321236
v 0.265656 0.440746 0.293598
v 0.180088 0.42141 0.398502
v 0.180088 0.398502 0.42141
v 0.207634 0.396183 0.396183
v 0.321236 0.237499 0.441265
v 0.293598 0.265656 0.440746
v 0.375229 0.180912 0.443859
v 0.348476 0.209221 0.442303
v 0.345913 0.235973 0.418114
v 0.370346 0.23521 0.394444
v 0.34399 0.262726 0.393284
v 0.426903 0.124569 0.448528
v 0.401402 0.152664 0.445934
v 0.451641 0.0967178 0.451641
v 0.448528 0.124569 0.426903
v 0.445934 0.152664 0.401402
v 0.394444 0.23521 0.370346
v 0.418114 0.235973 0.345913
v 0.393284 0.262726 0.34399
v 0.443859 0.180912 0.375229
v 0.442303 0.209221 0.348476
v 0.441265 0.237499 0.321236
v 0.440746 0.265656 0.293598
v 0.396183 0.207634 0.396183
v 0.398502 0.180088 0.42141
v 0.42141 0.180088 0.398502
v 0.293598 0.440746 0.265656
v 0.321236 0.441265 0.237499
v 0.34399 0.393284 0.262726
v 0.370346 0.394444 0.23521
v 0.345913 0.418114 0.235973
v 0.348476 0.442303 0.209221
v 0.375229 0.443859 0.180912
v 0.393284 0.34399 0.262726
v 0.418114 0.345913 0.235973
v 0.394444 0.370346 0.23521
v 0.440746 0.293598 0.265656
v 0.441265 0.321236 0.237499
v 0.442303 0.348476 0.209221
v 0.443859 0.375229 0.180912
v 0.401402 0.445934 0.152664
v 0.426903 0.448528 0.124569
v 0.445934 0.401402 0.152664
v 0.448528 0.426903 0.124569
v 0.451641 0.451641 0.0967178
v 0.398502 0.42141 0.180088
v 0.396183 0.396183 0.207634
v 0.42141 0.398502 0.180088
v 0.291492 0.417015 0.291492
v 0.289387 0.367905 0.342709
v 0.290089 0.392704 0.317207
v 0.317207 0.392704 0.290089
v 0.342709 0.367905 0.289387
v 0.290089 0.317207 0.392704
v 0.289387 0.342709 0.367905
v 0.291492 0.291492 0.417015
v 0.317207 0.290089 0.392704
v 0.342709 0.289387 0.367905
v 0.367905 0.342709 0.289387
v 0.392704 0.317207 0.290089
v 0.367905 0.289387 0.342709
v 0.392704 0.290089 0.317207
v 0.417015 0.291492 0.291492
v 0.342068 0.342068 0.315865
v 0.315865 0.342068 0.342068
v 0.342068 0.315865 0.342068
v 0.174561 0.158936 0.666504
v 0.16711 0.16711 0.665779
v 0.158936 0.174561 0.666504
v 0.191116 0.144287 0.664597
v 0.184135 0.152931 0.662933
v 0.175514 0.159901 0.664585
v 0.159901 0.175514 0.664585
v 0.152931 0.184135 0.662933
v 0.144287 0.191116 0.664597
v 0.208511 0.130615 0.660873
v 0.201984 0.139713 0.658302
v 0.192963 0.146202 0.660835
v 0.226654 0.11792 0.655426
v 0.220566 0.127457 0.651978
v 0.211189 0.133465 0.655346
v 0.195683 0.149025 0.655293
v 0.189606 0.158539 0.651855
v 0.180145 0.164589 0.655266
v 0.146202 0.192963 0.660835
v 0.139713 0.201984 0.658302
v 0.130615 0.208511 0.660873
v 0.164589 0.180145 0.655266
v 0.158539 0.189606 0.651855
v 0.149025 0.195683 0.655293
v 0.133465 0.211189 0.655346
v 0.127457 0.220566 0.651978
v 0.11792 0.226654 0.655426
v 0.161797 0.177387 0.660816
v 0.177387 0.161797 0.660816
v 0.170872 0.170872 0.658257
v 0.245453 0.106201 0.648346
v 0.239788 0.116161 0.644051
v 0.230103 0.121689 0.648209
v 0.264816 0.095459 0.639725
v 0.25956 0.105827 0.634613
v 0.249611 0.110874 0.639515
v 0.234333 0.12632 0.639347
v 0.229088 0.136665 0.634247
v 0.218994 0.141785 0.639221
v 0.284653 0.0856934 0.629654
v 0.279789 0.0964546 0.623756
v 0.269623 0.101021 0.629356
v 0.304871 0.0769043 0.618225
v 0.300385 0.0880432 0.611572
v 0.290047 0.0921288 0.617825
v 0.27512 0.107399 0.617481
v 0.270645 0.118515 0.61084
v 0.260101 0.122704 0.617195
v 0.224052 0.147186 0.628761
v 0.219227 0.157871 0.622902
v 0.20874 0.162598 0.628662
v 0.245003 0.138031 0.616966
v 0.240555 0.149094 0.610352
v 0.229836 0.15337 0.616795
v 0.214611 0.168709 0.61668
v 0.210205 0.179688 0.610107
v 0.199341 0.184036 0.616623
v 0.239311 0.131779 0.62891
v 0.254505 0.116386 0.629108
v 0.249653 0.127125 0.623222
v 0.121689 0.230103 0.648209
v 0.116161 0.239788 0.644051
v 0.106201 0.245453 0.648346
v 0.141785 0.218994 0.639221
v 0.136665 0.229088 0.634247
v 0.12632 0.234333 0.639347
v 0.110874 0.249611 0.639515
v 0.105827 0.25956 0.634613
v 0.095459 0.264816 0.639725
v 0.162598 0.20874 0.628662
v 0.157871 0.219227 0.622902
v 0.147186 0.224052 0.628761
v 0.184036 0.199341 0.616623
v 0.179688 0.210205 0.610107
v 0.168709 0.214611 0.61668
v 0.15337 0.229836 0.616795
v 0.149094 0.240555 0.610352
v 0.138031 0.245003 0.616966
v 0.101021 0.269623 0.629356
v 0.0964546 0.279789 0.623756
v 0.0856934 0.284653 0.629654
v 0.122704 0.260101 0.617195
v 0.118515 0.270645 0.61084
v 0.107399 0.27512 0.617481
v 0.0921288 0.290047 0.617825
v 0.0880432 0.300385 0.611572
v 0.0769043 0.304871 0.618225
v 0.116386 0.254505 0.629108
v 0.131779 0.239311 0.62891
v 0.127125 0.249653 0.623222
v 0.137199 0.214695 0.648106
v 0.168243 0.183754 0.648003
v 0.152721 0.199242 0.648037
v 0.147137 0.209042 0.643822
v 0.157257 0.203606 0.639137
v 0.199242 0.152721 0.648037
v 0.183754 0.168243 0.648003
v 0.214695 0.137199 0.648106
v 0.209042 0.147137 0.643822
v 0.203606 0.157257 0.639137
v 0.167549 0.198387 0.634064
v 0.178001 0.193386 0.628613
v 0.198387 0.167549 0.634064
v 0.193386 0.178001 0.628613
v 0.188602 0.188602 0.622795
v 0.172726 0.188179 0.639095
v 0.178127 0.178127 0.643745
v 0.188179 0.172726 0.639095
v 0.325378 0.0690918 0.60553
v 0.321255 0.0805931 0.598152
v 0.310791 0.084198 0.605011
v 0.346085 0.0622559 0.59166
v 0.342308 0.0741043 0.583588
v 0.331764 0.0772285 0.591007
v 0.31731 0.0922623 0.590427
v 0.313545 0.104088 0.582367
v 0.302734 0.107346 0.58992
v 0.366898 0.0563965 0.576706
v 0.363453 0.0685768 0.56797
v 0.352875 0.0712204 0.575905
v 0.387726 0.0515137 0.56076
v 0.384598 0.0640106 0.551392
v 0.374031 0.0661736 0.559795
v 0.360172 0.0809097 0.558918
v 0.357056 0.0933838 0.549561
v 0.346161 0.0957108 0.558128
v 0.309959 0.116058 0.573982
v 0.306553 0.128162 0.565285
v 0.29541 0.131088 0.573502
v 0.332008 0.110565 0.557426
v 0.328918 0.122986 0.548096
v 0.317726 0.125462 0.556812
v 0.303326 0.140388 0.556286
v 0.300278 0.152725 0.546997
v 0.288818 0.155334 0.555847
v 0.324394 0.101063 0.574543
v 0.338703 0.086113 0.575184
v 0.33527 0.0982704 0.56646
v 0.408478 0.0476074 0.543915
v 0.405651 0.0604057 0.533943
v 0.395142 0.062088 0.54277
v 0.429062 0.0446777 0.52626
v 0.426521 0.0577621 0.515717
v 0.416115 0.0589638 0.524921
v 0.402973 0.0733414 0.523685
v 0.400444 0.0864029 0.513153
v 0.389648 0.0877991 0.522552
v 0.449387 0.0427246 0.507889
v 0.447117 0.0560799 0.496803
v 0.436859 0.0568008 0.50634
v 0.46936 0.041748 0.488892
v 0.467346 0.0553589 0.477295
v 0.457283 0.0555992 0.487118
v 0.444981 0.0695572 0.485462
v 0.442978 0.0831451 0.473877
v 0.432465 0.0836105 0.483925
v 0.398064 0.0995789 0.502357
v 0.395832 0.112858 0.49131
v 0.384766 0.113983 0.501251
v 0.419746 0.0977478 0.482506
v 0.41777 0.111282 0.470947
v 0.406837 0.111958 0.481205
v 0.393749 0.126228 0.480022
v 0.391815 0.139679 0.468506
v 0.380493 0.140549 0.478958
v 0.411186 0.0852394 0.503574
v 0.424122 0.0709763 0.504902
v 0.421864 0.0843086 0.493828
v 0.297409 0.165161 0.53743
v 0.29472 0.177685 0.527596
v 0.282959 0.179993 0.537048
v 0.320679 0.160889 0.518433
v 0.318275 0.173698 0.508026
v 0.306496 0.175587 0.517918
v 0.29221 0.190285 0.517506
v 0.289879 0.20295 0.507172
v 0.277832 0.204971 0.517197
v 0.343933 0.157471 0.498596
v 0.341801 0.170551 0.487648
v 0.330048 0.17202 0.497932
v 0.367081 0.154907 0.478012
v 0.365204 0.168243 0.466553
v 0.353523 0.169292 0.477184
v 0.339832 0.183693 0.476475
v 0.338028 0.196884 0.465088
v 0.326019 0.198097 0.475883
v 0.287727 0.215668 0.496605
v 0.285755 0.228428 0.485817
v 0.273438 0.230179 0.496384
v 0.312096 0.212494 0.47541
v 0.310379 0.22551 0.464111
v 0.298073 0.226871 0.475056
v 0.283962 0.241219 0.474819
v 0.282349 0.254028 0.463623
v 0.269775 0.255524 0.474701
v 0.301933 0.20113 0.496937
v 0.316044 0.186577 0.497379
v 0.313984 0.199512 0.486504
v 0.31176 0.150333 0.537907
v 0.340118 0.120735 0.539146
v 0.326 0.135521 0.538479
v 0.323254 0.148159 0.528587
v 0.334747 0.146202 0.519051
v 0.367943 0.0912895 0.540768
v 0.354103 0.105988 0.539909
v 0.381626 0.0766525 0.541721
v 0.378811 0.0894279 0.531761
v 0.376152 0.102325 0.521523
v 0.34623 0.144463 0.509308
v 0.357689 0.142941 0.499371
v 0.37365 0.115334 0.511017
v 0.371304 0.128441 0.500256
v 0.369114 0.141636 0.48925
v 0.34869 0.131538 0.519772
v 0.351315 0.11871 0.529976
v 0.362495 0.116909 0.520596
v 0.084198 0.310791 0.605011
v 0.0805931 0.321255 0.598152
v 0.0690918 0.325378 0.60553
v 0.107346 0.302734 0.58992
v 0.104088 0.313545 0.582367
v 0.0922623 0.31731 0.590427
v 0.0772285 0.331764 0.591007
v 0.0741043 0.342308 0.583588
v 0.0622559 0.346085 0.59166
v 0.131088 0.29541 0.573502
v 0.128162 0.306553 0.565285
v 0.116058 0.309959 0.573982
v 0.155334 0.288818 0.555847
v 0.152725 0.300278 0.546997
v 0.140388 0.303326 0.556286
v 0.125462 0.317726 0.556812
v 0.122986 0.328918 0.548096
v 0.110565 0.332008 0.557426
v 0.0712204 0.352875 0.575905
v 0.0685768 0.363453 0.56797
v 0.0563965 0.366898 0.576706
v 0.0957108 0.346161 0.558128
v 0.0933838 0.357056 0.549561
v 0.0809097 0.360172 0.558918
v 0.0661736 0.374031 0.559795
v 0.0640106 0.384598 0.551392
v 0.0515137 0.387726 0.56076
v 0.086113 0.338703 0.575184
v 0.101063 0.324394 0.574543
v 0.0982704 0.33527 0.56646
v 0.179993 0.282959 0.537048
v 0.177685 0.29472 0.527596
v 0.165161 0.297409 0.53743
v 0.204971 0.277832 0.517197
v 0.20295 0.289879 0.507172
v 0.190285 0.29221 0.517506
v 0.175587 0.306496 0.517918
v 0.173698 0.318275 0.508026
v 0.160889 0.320679 0.518433
v 0.230179 0.273438 0.496384
v 0.228428 0.285755 0.485817
v 0.215668 0.287727 0.496605
v 0.255524 0.269775 0.474701
v 0.254028 0.282349 0.463623
v 0.241219 0.283962 0.474819
v 0.226871 0.298073 0.475056
v 0.22551 0.310379 0.464111
v 0.212494 0.312096 0.47541
v 0.17202 0.330048 0.497932
v 0.170551 0.341801 0.487648
v 0.157471 0.343933 0.498596
v 0.198097 0.326019 0.475883
v 0.196884 0.338028 0.465088
v 0.183693 0.339832 0.476475
v 0.169292 0.353523 0.477184
v 0.168243 0.365204 0.466553
v 0.154907 0.367081 0.478012
v 0.186577 0.316044 0.497379
v 0.20113 0.301933 0.496937
v 0.199512 0.313984 0.486504
v 0.062088 0.395142 0.54277
v 0.0604057 0.405651 0.533943
v 0.0476074 0.408478 0.543915
v 0.0877991 0.389648 0.522552
v 0.0864029 0.400444 0.513153
v 0.0733414 0.402973 0.523685
v 0.0589638 0.416115 0.524921
v 0.0577621 0.426521 0.515717
v 0.0446777 0.429062 0.52626
v 0.113983 0.384766 0.501251
v 0.112858 0.395832 0.49131
v 0.0995789 0.398064 0.502357
v 0.140549 0.380493 0.478958
v 0.139679 0.391815 0.468506
v 0.126228 0.393749 0.480022
v 0.111958 0.406837 0.481205
v 0.111282 0.41777 0.470947
v 0.0977478 0.419746 0.482506
v 0.0568008 0.436859 0.50634
v 0.0560799 0.447117 0.496803
v 0.0427246 0.449387 0.507889
v 0.0836105 0.432465 0.483925
v 0.0831451 0.442978 0.473877
v 0.0695572 0.444981 0.485462
v 0.0555992 0.457283 0.487118
v 0.0553589 0.467346 0.477295
v 0.041748 0.46936 0.488892
v 0.0709763 0.424122 0.504902
v 0.0852394 0.411186 0.503574
v 0.0843086 0.421864 0.493828
v 0.0766525 0.381626 0.541721
v 0.105988 0.354103 0.539909
v 0.0912895 0.367943 0.540768
v 0.0894279 0.378811 0.531761
v 0.102325 0.376152 0.521523
v 0.135521 0.326 0.538479
v 0.120735 0.340118 0.539146
v 0.150333 0.31176 0.537907
v 0.148159 0.323254 0.528587
v 0.146202 0.334747 0.519051
v 0.115334 0.37365 0.511017
v 0.128441 0.371304 0.500256
v 0.144463 0.34623 0.509308
v 0.142941 0.357689 0.499371
v 0.141636 0.369114 0.48925
v 0.116909 0.362495 0.520596
v 0.11871 0.351315 0.529976
v 0.131538 0.34869 0.519772
v 0.0993576 0.296085 0.604557
v 0.129791 0.266365 0.603844
v 0.114559 0.281273 0.604168
v 0.110836 0.291973 0.597191
v 0.122467 0.288048 0.589485
v 0.160301 0.236309 0.60339
v 0.145042 0.251373 0.603584
v 0.190796 0.206009 0.603195
v 0.175556 0.221184 0.60326
v 0.171642 0.232265 0.596092
v 0.183105 0.228424 0.58847
v 0.167946 0.243439 0.588615
v 0.134239 0.284309 0.581451
v 0.146141 0.280758 0.573101
v 0.164467 0.254692 0.580841
v 0.17627 0.25119 0.57254
v 0.161205 0.266014 0.572781
v 0.158161 0.277393 0.564445
v 0.170288 0.274216 0.555496
v 0.137615 0.273262 0.589123
v 0.141216 0.26228 0.596504
v 0.152779 0.258389 0.588833
v 0.221184 0.175556 0.60326
v 0.206009 0.190796 0.603195
v 0.251373 0.145042 0.603584
v 0.236309 0.160301 0.60339
v 0.232265 0.171642 0.596092
v 0.243439 0.167946 0.588615
v 0.228424 0.183105 0.58847
v 0.281273 0.114559 0.604168
v 0.266365 0.129791 0.603844
v 0.296085 0.0993576 0.604557
v 0.291973 0.110836 0.597191
v 0.288048 0.122467 0.589485
v 0.254692 0.164467 0.580841
v 0.266014 0.161205 0.572781
v 0.25119 0.17627 0.57254
v 0.284309 0.134239 0.581451
v 0.280758 0.146141 0.573101
v 0.277393 0.158161 0.564445
v 0.274216 0.170288 0.555496
v 0.258389 0.152779 0.588833
v 0.26228 0.141216 0.596504
v 0.273262 0.137615 0.589123
v 0.18251 0.271225 0.546265
v 0.194817 0.268421 0.536762
v 0.21225 0.241852 0.545898
v 0.224396 0.239128 0.536476
v 0.209621 0.253807 0.536572
v 0.207195 0.265804 0.527
v 0.219635 0.263374 0.516991
v 0.241852 0.21225 0.545898
v 0.253807 0.209621 0.536572
v 0.239128 0.224396 0.536476
v 0.271225 0.18251 0.546265
v 0.268421 0.194817 0.536762
v 0.265804 0.207195 0.527
v 0.263374 0.219635 0.516991
v 0.232124 0.261131 0.506744
v 0.244652 0.259075 0.496273
v 0.261131 0.232124 0.506744
v 0.259075 0.244652 0.496273
v 0.257206 0.257206 0.485588
v 0.234264 0.248848 0.516888
v 0.236599 0.236599 0.526802
v 0.248848 0.234264 0.516888
v 0.185238 0.259529 0.555233
v 0.191322 0.236298 0.57238
v 0.188175 0.247883 0.563942
v 0.200172 0.24477 0.555058
v 0.21508 0.22995 0.55497
v 0.198246 0.213356 0.588398
v 0.194679 0.224785 0.580536
v 0.202023 0.202023 0.595955
v 0.213356 0.198246 0.588398
v 0.224785 0.194679 0.580536
v 0.22995 0.21508 0.55497
v 0.24477 0.200172 0.555058
v 0.236298 0.191322 0.57238
v 0.247883 0.188175 0.563942
v 0.259529 0.185238 0.555233
v 0.218113 0.218113 0.563774
v 0.206352 0.221348 0.5723
v 0.221348 0.206352 0.5723
v 0.488892 0.041748 0.46936
v 0.487118 0.0555992 0.457283
v 0.477295 0.0553589 0.467346
v 0.507889 0.0427246 0.449387
v 0.50634 0.0568008 0.436859
v 0.496803 0.0560799 0.447117
v 0.485462 0.0695572 0.444981
v 0.483925 0.0836105 0.432465
v 0.473877 0.0831451 0.442978
v 0.52626 0.0446777 0.429062
v 0.524921 0.0589638 0.416115
v 0.515717 0.0577621 0.426521
v 0.543915 0.0476074 0.408478
v 0.54277 0.062088 0.395142
v 0.533943 0.0604057 0.405651
v 0.523685 0.0733414 0.402973
v 0.522552 0.0877991 0.389648
v 0.513153 0.0864029 0.400444
v 0.482506 0.0977478 0.419746
v 0.481205 0.111958 0.406837
v 0.470947 0.111282 0.41777
v 0.502357 0.0995789 0.398064
v 0.501251 0.113983 0.384766
v 0.49131 0.112858 0.395832
v 0.480022 0.126228 0.393749
v 0.478958 0.140549 0.380493
v 0.468506 0.139679 0.391815
v 0.493828 0.0843086 0.421864
v 0.504902 0.0709763 0.424122
v 0.503574 0.0852394 0.411186
v 0.56076 0.0515137 0.387726
v 0.559795 0.0661736 0.374031
v 0.551392 0.0640106 0.384598
v 0.576706 0.0563965 0.366898
v 0.575905 0.0712204 0.352875
v 0.56797 0.0685768 0.363453
v 0.558918 0.0809097 0.360172
v 0.558128 0.0957108 0.346161
v 0.549561 0.0933838 0.357056
v 0.59166 0.0622559 0.346085
v 0.591007 0.0772285 0.331764
v 0.583588 0.0741043 0.342308
v 0.60553 0.0690918 0.325378
v 0.605011 0.084198 0.310791
v 0.598152 0.0805931 0.321255
v 0.590427 0.0922623 0.31731
v 0.58992 0.107346 0.302734
v 0.582367 0.104088 0.313545
v 0.557426 0.110565 0.332008
v 0.556812 0.125462 0.317726
v 0.548096 0.122986 0.328918
v 0.573982 0.116058 0.309959
v 0.573502 0.131088 0.29541
v 0.565285 0.128162 0.306553
v 0.556286 0.140388 0.303326
v 0.555847 0.155334 0.288818
v 0.546997 0.152725 0.300278
v 0.56646 0.0982704 0.33527
v 0.575184 0.086113 0.338703
v 0.574543 0.101063 0.324394
v 0.478012 0.154907 0.367081
v 0.477184 0.169292 0.353523
v 0.466553 0.168243 0.365204
v 0.498596 0.157471 0.343933
v 0.497932 0.17202 0.330048
v 0.487648 0.170551 0.341801
v 0.476475 0.183693 0.339832
v 0.475883 0.198097 0.326019
v 0.465088 0.196884 0.338028
v 0.518433 0.160889 0.320679
v 0.517918 0.175587 0.306496
v 0.508026 0.173698 0.318275
v 0.53743 0.165161 0.297409
v 0.537048 0.179993 0.282959
v 0.527596 0.177685 0.29472
v 0.517506 0.190285 0.29221
v 0.517197 0.204971 0.277832
v 0.507172 0.20295 0.289879
v 0.47541 0.212494 0.312096
v 0.475056 0.226871 0.298073
v 0.464111 0.22551 0.310379
v 0.496605 0.215668 0.287727
v 0.496384 0.230179 0.273438
v 0.485817 0.228428 0.285755
v 0.474819 0.241219 0.283962
v 0.474701 0.255524 0.269775
v 0.463623 0.254028 0.282349
v 0.486504 0.199512 0.313984
v 0.497379 0.186577 0.316044
v 0.496937 0.20113 0.301933
v 0.48925 0.141636 0.369114
v 0.511017 0.115334 0.37365
v 0.500256 0.128441 0.371304
v 0.499371 0.142941 0.357689
v 0.509308 0.144463 0.34623
v 0.531761 0.0894279 0.378811
v 0.521523 0.102325 0.376152
v 0.541721 0.0766525 0.381626
v 0.540768 0.0912895 0.367943
v 0.539909 0.105988 0.354103
v 0.519051 0.146202 0.334747
v 0.528587 0.148159 0.323254
v 0.539146 0.120735 0.340118
v 0.538479 0.135521 0.326
v 0.537907 0.150333 0.31176
v 0.519772 0.131538 0.34869
v 0.520596 0.116909 0.362495
v 0.529976 0.11871 0.351315
v 0.618225 0.0769043 0.304871
v 0.617825 0.0921288 0.290047
v 0.611572 0.0880432 0.300385
v 0.629654 0.0856934 0.284653
v 0.629356 0.101021 0.269623
v 0.623756 0.0964546 0.279789
v 0.617481 0.107399 0.27512
v 0.617195 0.122704 0.260101
v 0.61084 0.118515 0.270645
v 0.639725 0.095459 0.264816
v 0.639515 0.110874 0.249611
v 0.634613 0.105827 0.25956
v 0.648346 0.106201 0.245453
v 0.648209 0.121689 0.230103
v 0.644051 0.116161 0.239788
v 0.639347 0.12632 0.234333
v 0.639221 0.141785 0.218994
v 0.634247 0.136665 0.229088
v 0.616966 0.138031 0.245003
v 0.616795 0.15337 0.229836
v 0.610352 0.149094 0.240555
v 0.628761 0.147186 0.224052
v 0.628662 0.162598 0.20874
v 0.622902 0.157871 0.219227
v 0.61668 0.168709 0.214611
v 0.616623 0.184036 0.199341
v 0.610107 0.179688 0.210205
v 0.623222 0.127125 0.249653
v 0.629108 0.116386 0.254505
v 0.62891 0.131779 0.239311
v 0.655426 0.11792 0.226654
v 0.655346 0.133465 0.211189
v 0.651978 0.127457 0.220566
v 0.660873 0.130615 0.208511
v 0.660835 0.146202 0.192963
v 0.658302 0.139713 0.201984
v 0.655293 0.149025 0.195683
v 0.655266 0.164589 0.180145
v 0.651855 0.158539 0.189606
v 0.664597 0.144287 0.191116
v 0.664585 0.159901 0.175514
v 0.662933 0.152931 0.184135
v 0.666504 0.158936 0.174561
v 0.666504 0.174561 0.158936
v 0.665779 0.16711 0.16711
v 0.664585 0.175514 0.159901
v 0.664597 0.191116 0.144287
v 0.662933 0.184135 0.152931
v 0.655266 0.180145 0.164589
v 0.655293 0.195683 0.149025
v 0.651855 0.189606 0.158539
v 0.660835 0.192963 0.146202
v 0.660873 0.208511 0.130615
v 0.658302 0.201984 0.139713
v 0.655346 0.211189 0.133465
v 0.655426 0.226654 0.11792
v 0.651978 0.220566 0.127457
v 0.658257 0.170872 0.170872
v 0.660816 0.161797 0.177387
v 0.660816 0.177387 0.161797
v 0.616623 0.199341 0.184036
v 0.61668 0.214611 0.168709
v 0.610107 0.210205 0.179688
v 0.628662 0.20874 0.162598
v 0.628761 0.224052 0.147186
v 0.622902 0.219227 0.157871
v 0.616795 0.229836 0.15337
v 0.616966 0.245003 0.138031
v 0.610352 0.240555 0.149094
v 0.639221 0.218994 0.141785
v 0.639347 0.234333 0.12632
v 0.634247 0.229088 0.136665
v 0.648209 0.230103 0.121689
v 0.648346 0.245453 0.106201
v 0.644051 0.239788 0.116161
v 0.639515 0.249611 0.110874
v 0.639725 0.264816 0.095459
v 0.634613 0.25956 0.105827
v 0.617195 0.260101 0.122704
v 0.617481 0.27512 0.107399
v 0.61084 0.270645 0.118515
v 0.629356 0.269623 0.101021
v 0.629654 0.284653 0.0856934
v 0.623756 0.279789 0.0964546
v 0.617825 0.290047 0.0921288
v 0.618225 0.304871 0.0769043
v 0.611572 0.300385 0.0880432
v 0.623222 0.249653 0.127125
v 0.62891 0.239311 0.131779
v 0.629108 0.254505 0.116386
v 0.622795 0.188602 0.188602
v 0.634064 0.167549 0.198387
v 0.628613 0.178001 0.193386
v 0.628613 0.193386 0.178001
v 0.634064 0.198387 0.167549
v 0.643822 0.147137 0.209042
v 0.639137 0.157257 0.203606
v 0.648106 0.137199 0.214695
v 0.648037 0.152721 0.199242
v 0.648003 0.168243 0.183754
v 0.639137 0.203606 0.157257
v 0.643822 0.209042 0.147137
v 0.648003 0.183754 0.168243
v 0.648037 0.199242 0.152721
v 0.648106 0.214695 0.137199
v 0.639095 0.188179 0.172726
v 0.639095 0.172726 0.188179
v 0.643745 0.178127 0.178127
v 0.474701 0.269775 0.255524
v 0.474819 0.283962 0.241219
v 0.463623 0.282349 0.254028
v 0.496384 0.273438 0.230179
v 0.496605 0.287727 0.215668
v 0.485817 0.285755 0.228428
v 0.475056 0.298073 0.226871
v 0.47541 0.312096 0.212494
v 0.464111 0.310379 0.22551
v 0.517197 0.277832 0.204971
v 0.517506 0.29221 0.190285
v 0.507172 0.289879 0.20295
v 0.537048 0.282959 0.179993
v 0.53743 0.297409 0.165161
v 0.527596 0.29472 0.177685
v 0.517918 0.306496 0.175587
v 0.518433 0.320679 0.160889
v 0.508026 0.318275 0.173698
v 0.475883 0.326019 0.198097
v 0.476475 0.339832 0.183693
v 0.465088 0.338028 0.196884
v 0.497932 0.330048 0.17202
v 0.498596 0.343933 0.157471
v 0.487648 0.341801 0.170551
v 0.477184 0.353523 0.169292
v 0.478012 0.367081 0.154907
v 0.466553 0.365204 0.168243
v 0.486504 0.313984 0.199512
v 0.496937 0.301933 0.20113
v 0.497379 0.316044 0.186577
v 0.555847 0.288818 0.155334
v 0.556286 0.303326 0.140388
v 0.546997 0.300278 0.152725
v 0.573502 0.29541 0.131088
v 0.573982 0.309959 0.116058
v 0.565285 0.306553 0.128162
v 0.556812 0.317726 0.125462
v 0.557426 0.332008 0.110565
v 0.548096 0.328918 0.122986
v 0.58992 0.302734 0.107346
v 0.590427 0.31731 0.0922623
v 0.582367 0.313545 0.104088
v 0.605011 0.310791 0.084198
v 0.60553 0.325378 0.0690918
v 0.598152 0.321255 0.0805931
v 0.591007 0.331764 0.0772285
v 0.59166 0.346085 0.0622559
v 0.583588 0.342308 0.0741043
v 0.558128 0.346161 0.0957108
v 0.558918 0.360172 0.0809097
v 0.549561 0.357056 0.0933838
v 0.575905 0.352875 0.0712204
v 0.576706 0.366898 0.0563965
v 0.56797 0.363453 0.0685768
v 0.559795 0.374031 0.0661736
v 0.56076 0.387726 0.0515137
v 0.551392 0.384598 0.0640106
v 0.56646 0.33527 0.0982704
v 0.574543 0.324394 0.101063
v 0.575184 0.338703 0.086113
v 0.478958 0.380493 0.140549
v 0.480022 0.393749 0.126228
v 0.468506 0.391815 0.139679
v 0.501251 0.384766 0.113983
v 0.502357 0.398064 0.0995789
v 0.49131 0.395832 0.112858
v 0.481205 0.406837 0.111958
v 0.482506 0.419746 0.0977478
v 0.470947 0.41777 0.111282
v 0.522552 0.389648 0.0877991
v 0.523685 0.402973 0.0733414
v 0.513153 0.400444 0.0864029
v 0.54277 0.395142 0.062088
v 0.543915 0.408478 0.0476074
v 0.533943 0.405651 0.0604057
v 0.524921 0.416115 0.0589638
v 0.52626 0.429062 0.0446777
v 0.515717 0.426521 0.0577621
v 0.483925 0.432465 0.0836105
v 0.485462 0.444981 0.0695572
v 0.473877 0.442978 0.0831451
v 0.50634 0.436859 0.0568008
v 0.507889 0.449387 0.0427246
v 0.496803 0.447117 0.0560799
v 0.487118 0.457283 0.0555992
v 0.488892 0.46936 0.041748
v 0.477295 0.467346 0.0553589
v 0.493828 0.421864 0.0843086
v 0.503574 0.411186 0.0852394
v 0.504902 0.424122 0.0709763
v 0.48925 0.369114 0.141636
v 0.509308 0.34623 0.144463
v 0.499371 0.357689 0.142941
v 0.500256 0.371304 0.128441
v 0.511017 0.37365 0.115334
v 0.528587 0.323254 0.148159
v 0.519051 0.334747 0.146202
v 0.537907 0.31176 0.150333
v 0.538479 0.326 0.135521
v 0.539146 0.340118 0.120735
v 0.521523 0.376152 0.102325
v 0.531761 0.378811 0.0894279
v 0.539909 0.354103 0.105988
v 0.540768 0.367943 0.0912895
v 0.541721 0.381626 0.0766525
v 0.520596 0.362495 0.116909
v 0.519772 0.34869 0.131538
v 0.529976 0.351315 0.11871
v 0.485588 0.257206 0.257206
v 0.506744 0.232124 0.261131
v 0.496273 0.244652 0.259075
v 0.496273 0.259075 0.244652
v 0.506744 0.261131 0.232124
v 0.527 0.207195 0.265804
v 0.516991 0.219635 0.263374
v 0.546265 0.18251 0.271225
v 0.536762 0.194817 0.268421
v 0.536572 0.209621 0.253807
v 0.545898 0.21225 0.241852
v 0.536476 0.224396 0.239128
v 0.516991 0.263374 0.219635
v 0.527 0.265804 0.207195
v 0.536476 0.239128 0.224396
v 0.545898 0.241852 0.21225
v 0.536572 0.253807 0.209621
v 0.536762 0.268421 0.194817
v 0.546265 0.271225 0.18251
v 0.516888 0.248848 0.234264
v 0.516888 0.234264 0.248848
v 0.526802 0.236599 0.236599
v 0.564445 0.158161 0.277393
v 0.555496 0.170288 0.274216
v 0.581451 0.134239 0.284309
v 0.573101 0.146141 0.280758
v 0.572781 0.161205 0.266014
v 0.580841 0.164467 0.254692
v 0.57254 0.17627 0.25119
v 0.597191 0.110836 0.291973
v 0.589485 0.122467 0.288048
v 0.604557 0.0993576 0.296085
v 0.604168 0.114559 0.281273
v 0.603844 0.129791 0.266365
v 0.588615 0.167946 0.243439
v 0.596092 0.171642 0.232265
v 0.58847 0.183105 0.228424
v 0.603584 0.145042 0.251373
v 0.60339 0.160301 0.236309
v 0.60326 0.175556 0.221184
v 0.603195 0.190796 0.206009
v 0.588833 0.152779 0.258389
v 0.589123 0.137615 0.273262
