v 0.166656 0.166656 0.666687
v 0.666687 0.166656 0.166656
v 0.166656 0.666687 0.166656
v 0.479172 0.0416565 0.479172
v 0.479172 0.479172 0.0416565
v 0.0416565 0.479172 0.479172
v 0.315102 0.0729065 0.611992
v 0.268227 0.268227 0.463547
v 0.0729065 0.315102 0.611992
v 0.611992 0.0729065 0.315102
v 0.611992 0.315102 0.0729065
v 0.463547 0.268227 0.268227
v 0.268227 0.463547 0.268227
v 0.315102 0.611992 0.0729065
v 0.0729065 0.611992 0.315102
v 0.235996 0.111969 0.652035
v 0.194981 0.194981 0.610039
v 0.111969 0.235996 0.652035
v 0.398113 0.049469 0.552418
v 0.378582 0.153965 0.467453
v 0.285805 0.167637 0.546558
v 0.167637 0.285805 0.546558
v 0.153965 0.378582 0.467453
v 0.049469 0.398113 0.552418
v 0.552418 0.049469 0.398113
v 0.546558 0.167637 0.285805
v 0.467453 0.153965 0.378582
v 0.652035 0.111969 0.235996
v 0.652035 0.235996 0.111969
v 0.610039 0.194981 0.194981
v 0.546558 0.285805 0.167637
v 0.552418 0.398113 0.049469
v 0.467453 0.378582 0.153965
v 0.153965 0.467453 0.378582
v 0.167637 0.546558 0.285805
v 0.049469 0.552418 0.398113
v 0.378582 0.467453 0.153965
v 0.398113 0.552418 0.049469
v 0.285805 0.546558 0.167637
v 0.194981 0.610039 0.194981
v 0.235996 0.652035 0.111969
v 0.111969 0.652035 0.235996
v 0.262367 0.368816 0.368816
v 0.368816 0.262367 0.368816
v 0.368816 0.368816 0.262367
v 0.199739 0.13736 0.662901
v 0.174105 0.174105 0.651791
v 0.13736 0.199739 0.662901
v 0.274694 0.0904846 0.634821
v 0.255651 0.133821 0.610527
v 0.213779 0.152132 0.634089
v 0.152132 0.213779 0.634089
v 0.133821 0.255651 0.610527
v 0.0904846 0.274694 0.634821
v 0.356485 0.0592346 0.58428
v 0.343058 0.108187 0.548756
v 0.298988 0.119173 0.581839
v 0.439253 0.0436096 0.517138
v 0.430464 0.0972004 0.472336
v 0.387127 0.100863 0.512011
v 0.332315 0.159092 0.508593
v 0.324259 0.211218 0.464523
v 0.275551 0.217566 0.506884
v 0.119173 0.298988 0.581839
v 0.108187 0.343058 0.548756
v 0.0592346 0.356485 0.58428
v 0.217566 0.275551 0.506884
v 0.211218 0.324259 0.464523
v 0.159092 0.332315 0.508593
v 0.100863 0.387127 0.512011
v 0.0972004 0.430464 0.472336
v 0.0436096 0.439253 0.517138
v 0.1796 0.239782 0.580618
v 0.239782 0.1796 0.580618
v 0.227087 0.227087 0.545826
v 0.517138 0.0436096 0.439253
v 0.512011 0.100863 0.387127
v 0.472336 0.0972004 0.430464
v 0.58428 0.0592346 0.356485
v 0.581839 0.119173 0.298988
v 0.548756 0.108187 0.343058
v 0.508593 0.159092 0.332315
v 0.506884 0.217566 0.275551
v 0.464523 0.211218 0.324259
v 0.634821 0.0904846 0.274694
v 0.634089 0.152132 0.213779
v 0.610527 0.133821 0.255651
v 0.662901 0.13736 0.199739
v 0.662901 0.199739 0.13736
v 0.651791 0.174105 0.174105
v 0.634089 0.213779 0.152132
v 0.634821 0.274694 0.0904846
v 0.610527 0.255651 0.133821
v 0.506884 0.275551 0.217566
v 0.508593 0.332315 0.159092
v 0.464523 0.324259 0.211218
v 0.581839 0.298988 0.119173
v 0.58428 0.356485 0.0592346
v 0.548756 0.343058 0.108187
v 0.512011 0.387127 0.100863
v 0.517138 0.439253 0.0436096
v 0.472336 0.430464 0.0972004
v 0.545826 0.227087 0.227087
v 0.580618 0.1796 0.239782
v 0.580618 0.239782 0.1796
v 0.0972004 0.472336 0.430464
v 0.100863 0.512011 0.387127
v 0.0436096 0.517138 0.439253
v 0.211218 0.464523 0.324259
v 0.217566 0.506884 0.275551
v 0.159092 0.508593 0.332315
v 0.108187 0.548756 0.343058
v 0.119173 0.581839 0.298988
v 0.0592346 0.58428 0.356485
v 0.324259 0.464523 0.211218
v 0.332315 0.508593 0.159092
v 0.275551 0.506884 0.217566
v 0.430464 0.472336 0.0972004
v 0.439253 0.517138 0.0436096
v 0.387127 0.512011 0.100863
v 0.343058 0.548756 0.108187
v 0.356485 0.58428 0.0592346
v 0.298988 0.581839 0.119173
v 0.133821 0.610527 0.255651
v 0.152132 0.634089 0.213779
v 0.0904846 0.634821 0.274694
v 0.255651 0.610527 0.133821
v 0.274694 0.634821 0.0904846
v 0.213779 0.634089 0.152132
v 0.174105 0.651791 0.174105
v 0.199739 0.662901 0.13736
v 0.13736 0.662901 0.199739
v 0.1796 0.580618 0.239782
v 0.227087 0.545826 0.227087
v 0.239782 0.580618 0.1796
v 0.152256 0.423872 0.423872
v 0.263832 0.318888 0.41728
v 0.208044 0.372478 0.419477
v 0.208044 0.419477 0.372478
v 0.263832 0.41728 0.318888
v 0.372478 0.208044 0.419477
v 0.318888 0.263832 0.41728
v 0.423872 0.152256 0.423872
v 0.419477 0.208044 0.372478
v 0.41728 0.263832 0.318888
v 0.318888 0.41728 0.263832
v 0.372478 0.419477 0.208044
v 0.41728 0.318888 0.263832
v 0.419477 0.372478 0.208044
v 0.423872 0.423872 0.152256
v 0.316202 0.367596 0.316202
v 0.316202 0.316202 0.367596
v 0.367596 0.316202 0.316202
v 0.182755 0.15152 0.665725
v 0.168565 0.168565 0.66287
v 0.15152 0.182755 0.665725
v 0.217517 0.124176 0.658307
v 0.205127 0.143022 0.651852
v 0.186464 0.15532 0.658216
v 0.15532 0.186464 0.658216
v 0.143022 0.205127 0.651852
v 0.124176 0.217517 0.658307
v 0.255086 0.100739 0.644176
v 0.244374 0.121263 0.634363
v 0.224461 0.131669 0.64387
v 0.29473 0.0812073 0.624063
v 0.285575 0.103288 0.611137
v 0.264776 0.111802 0.623422
v 0.234487 0.142519 0.622994
v 0.225423 0.164416 0.610161
v 0.203953 0.173266 0.622781
v 0.131669 0.224461 0.64387
v 0.121263 0.244374 0.634363
v 0.100739 0.255086 0.644176
v 0.173266 0.203953 0.622781
v 0.164416 0.225423 0.610161
v 0.142519 0.234487 0.622994
v 0.111802 0.264776 0.623422
v 0.103288 0.285575 0.611137
v 0.0812073 0.29473 0.624063
v 0.162661 0.193622 0.643718
v 0.193622 0.162661 0.643718
v 0.183002 0.183002 0.633997
v 0.335717 0.0655823 0.598701
v 0.327996 0.089097 0.582907
v 0.306679 0.0957193 0.597602
v 0.377315 0.0538635 0.568822
v 0.370906 0.0786905 0.550404
v 0.349436 0.0834208 0.567143
v 0.320977 0.113222 0.565801
v 0.31466 0.137866 0.547474
v 0.29203 0.143176 0.564794
v 0.41879 0.046051 0.535159
v 0.413571 0.0720682 0.51436
v 0.392315 0.0749063 0.532779
v 0.459411 0.0421448 0.498445
v 0.45526 0.0692301 0.47551
v 0.434584 0.0701761 0.49524
v 0.408933 0.0985737 0.492494
v 0.404874 0.125476 0.46965
v 0.382549 0.127246 0.490205
v 0.309045 0.162937 0.528018
v 0.304132 0.188344 0.507524
v 0.280312 0.192464 0.527225
v 0.355525 0.156101 0.488374
v 0.35168 0.182576 0.465744
v 0.327951 0.185048 0.487
v 0.29992 0.213995 0.486085
v 0.296411 0.239799 0.463791
v 0.271523 0.24285 0.485627
v 0.337351 0.133441 0.529208
v 0.365138 0.104067 0.530795
v 0.360011 0.129901 0.510088
v 0.0957193 0.306679 0.597602
v 0.089097 0.327996 0.582907
v 0.0655823 0.335717 0.598701
v 0.143176 0.29203 0.564794
v 0.137866 0.31466 0.547474
v 0.113222 0.320977 0.565801
v 0.0834208 0.349436 0.567143
v 0.0786905 0.370906 0.550404
v 0.0538635 0.377315 0.568822
v 0.192464 0.280312 0.527225
v 0.188344 0.304132 0.507524
v 0.162937 0.309045 0.528018
v 0.24285 0.271523 0.485627
v 0.239799 0.296411 0.463791
v 0.213995 0.29992 0.486085
v 0.185048 0.327951 0.487
v 0.182576 0.35168 0.465744
v 0.156101 0.355525 0.488374
v 0.0749063 0.392315 0.532779
v 0.0720682 0.413571 0.51436
v 0.046051 0.41879 0.535159
v 0.127246 0.382549 0.490205
v 0.125476 0.404874 0.46965
v 0.0985737 0.408933 0.492494
v 0.0701761 0.434584 0.49524
v 0.0692301 0.45526 0.47551
v 0.0421448 0.459411 0.498445
v 0.104067 0.365138 0.530795
v 0.133441 0.337351 0.529208
v 0.129901 0.360011 0.510088
v 0.12604 0.277183 0.596778
v 0.186863 0.217183 0.595954
v 0.156451 0.24732 0.596229
v 0.149371 0.269553 0.581076
v 0.173191 0.262687 0.564122
v 0.24732 0.156451 0.596229
v 0.217183 0.186863 0.595954
v 0.277183 0.12604 0.596778
v 0.269553 0.149371 0.581076
v 0.262687 0.173191 0.564122
v 0.197408 0.256583 0.546009
v 0.22193 0.251243 0.526828
v 0.256583 0.197408 0.546009
v 0.251243 0.22193 0.526828
v 0.246665 0.246665 0.50667
v 0.203176 0.233038 0.563787
v 0.209767 0.209767 0.580465
v 0.233038 0.203176 0.563787
v 0.498445 0.0421448 0.459411
v 0.49524 0.0701761 0.434584
v 0.47551 0.0692301 0.45526
v 0.535159 0.046051 0.41879
v 0.532779 0.0749063 0.392315
v 0.51436 0.0720682 0.413571
v 0.492494 0.0985737 0.408933
v 0.490205 0.127246 0.382549
v 0.46965 0.125476 0.404874
v 0.568822 0.0538635 0.377315
v 0.567143 0.0834208 0.349436
v 0.550404 0.0786905 0.370906
v 0.598701 0.0655823 0.335717
v 0.597602 0.0957193 0.306679
v 0.582907 0.089097 0.327996
v 0.565801 0.113222 0.320977
v 0.564794 0.143176 0.29203
v 0.547474 0.137866 0.31466
v 0.488374 0.156101 0.355525
v 0.487 0.185048 0.327951
v 0.465744 0.182576 0.35168
v 0.528018 0.162937 0.309045
v 0.527225 0.192464 0.280312
v 0.507524 0.188344 0.304132
v 0.486085 0.213995 0.29992
v 0.485627 0.24285 0.271523
v 0.463791 0.239799 0.296411
v 0.510088 0.129901 0.360011
v 0.530795 0.104067 0.365138
v 0.529208 0.133441 0.337351
v 0.624063 0.0812073 0.29473
v 0.623422 0.111802 0.264776
v 0.611137 0.103288 0.285575
v 0.644176 0.100739 0.255086
v 0.64387 0.131669 0.224461
v 0.634363 0.121263 0.244374
v 0.622994 0.142519 0.234487
v 0.622781 0.173266 0.203953
v 0.610161 0.164416 0.225423
v 0.658307 0.124176 0.217517
v 0.658216 0.15532 0.186464
v 0.651852 0.143022 0.205127
v 0.665725 0.15152 0.182755
v 0.665725 0.182755 0.15152
v 0.66287 0.168565 0.168565
v 0.658216 0.186464 0.15532
v 0.658307 0.217517 0.124176
v 0.651852 0.205127 0.143022
v 0.622781 0.203953 0.173266
v 0.622994 0.234487 0.142519
v 0.610161 0.225423 0.164416
v 0.64387 0.224461 0.131669
v 0.644176 0.255086 0.100739
v 0.634363 0.244374 0.121263
v 0.623422 0.264776 0.111802
v 0.624063 0.29473 0.0812073
v 0.611137 0.285575 0.103288
v 0.633997 0.183002 0.183002
v 0.643718 0.162661 0.193622
v 0.643718 0.193622 0.162661
v 0.485627 0.271523 0.24285
v 0.486085 0.29992 0.213995
v 0.463791 0.296411 0.239799
v 0.527225 0.280312 0.192464
v 0.528018 0.309045 0.162937
v 0.507524 0.304132 0.188344
v 0.487 0.327951 0.185048
v 0.488374 0.355525 0.156101
v 0.465744 0.35168 0.182576
v 0.564794 0.29203 0.143176
v 0.565801 0.320977 0.113222
v 0.547474 0.31466 0.137866
v 0.597602 0.306679 0.0957193
v 0.598701 0.335717 0.0655823
v 0.582907 0.327996 0.089097
v 0.567143 0.349436 0.0834208
v 0.568822 0.377315 0.0538635
v 0.550404 0.370906 0.0786905
v 0.490205 0.382549 0.127246
v 0.492494 0.408933 0.0985737
v 0.46965 0.404874 0.125476
v 0.532779 0.392315 0.0749063
v 0.535159 0.41879 0.046051
v 0.51436 0.413571 0.0720682
v 0.49524 0.434584 0.0701761
v 0.498445 0.459411 0.0421448
v 0.47551 0.45526 0.0692301
v 0.510088 0.360011 0.129901
v 0.529208 0.337351 0.133441
v 0.530795 0.365138 0.104067
v 0.50667 0.246665 0.246665
v 0.546009 0.197408 0.256583
v 0.526828 0.22193 0.251243
v 0.526828 0.251243 0.22193
v 0.546009 0.256583 0.197408
v 0.581076 0.149371 0.269553
v 0.564122 0.173191 0.262687
v 0.596778 0.12604 0.277183
v 0.596229 0.156451 0.24732
v 0.595954 0.186863 0.217183
v 0.564122 0.262687 0.173191
v 0.581076 0.269553 0.149371
v 0.595954 0.217183 0.186863
v 0.596229 0.24732 0.156451
v 0.596778 0.277183 0.12604
v 0.563787 0.233038 0.203176
v 0.563787 0.203176 0.233038
v 0.580465 0.209767 0.209767
v 0.0692301 0.47551 0.45526
v 0.0701761 0.49524 0.434584
v 0.0421448 0.498445 0.459411
v 0.125476 0.46965 0.404874
v 0.127246 0.490205 0.382549
v 0.0985737 0.492494 0.408933
v 0.0720682 0.51436 0.413571
v 0.0749063 0.532779 0.392315
v 0.046051 0.535159 0.41879
v 0.182576 0.465744 0.35168
v 0.185048 0.487 0.327951
v 0.156101 0.488374 0.355525
v 0.239799 0.463791 0.296411
v 0.24285 0.485627 0.271523
v 0.213995 0.486085 0.29992
v 0.188344 0.507524 0.304132
v 0.192464 0.527225 0.280312
v 0.162937 0.528018 0.309045
v 0.0786905 0.550404 0.370906
v 0.0834208 0.567143 0.349436
v 0.0538635 0.568822 0.377315
v 0.137866 0.547474 0.31466
v 0.143176 0.564794 0.29203
v 0.113222 0.565801 0.320977
v 0.089097 0.582907 0.327996
v 0.0957193 0.597602 0.306679
v 0.0655823 0.598701 0.335717
v 0.104067 0.530795 0.365138
v 0.129901 0.510088 0.360011
v 0.133441 0.529208 0.337351
v 0.296411 0.463791 0.239799
v 0.29992 0.486085 0.213995
v 0.271523 0.485627 0.24285
v 0.35168 0.465744 0.182576
v 0.355525 0.488374 0.156101
v 0.327951 0.487 0.185048
v 0.304132 0.507524 0.188344
v 0.309045 0.528018 0.162937
v 0.280312 0.527225 0.192464
v 0.404874 0.46965 0.125476
v 0.408933 0.492494 0.0985737
v 0.382549 0.490205 0.127246
v 0.45526 0.47551 0.0692301
v 0.459411 0.498445 0.0421448
v 0.434584 0.49524 0.0701761
v 0.413571 0.51436 0.0720682
v 0.41879 0.535159 0.046051
v 0.392315 0.532779 0.0749063
v 0.31466 0.547474 0.137866
v 0.320977 0.565801 0.113222
v 0.29203 0.564794 0.143176
v 0.370906 0.550404 0.0786905
v 0.377315 0.568822 0.0538635
v 0.349436 0.567143 0.0834208
v 0.327996 0.582907 0.089097
v 0.335717 0.598701 0.0655823
v 0.306679 0.597602 0.0957193
v 0.337351 0.529208 0.133441
v 0.360011 0.510088 0.129901
v 0.365138 0.530795 0.104067
v 0.103288 0.611137 0.285575
v 0.111802 0.623422 0.264776
v 0.0812073 0.624063 0.29473
v 0.164416 0.610161 0.225423
v 0.173266 0.622781 0.203953
v 0.142519 0.622994 0.234487
v 0.121263 0.634363 0.244374
v 0.131669 0.64387 0.224461
v 0.100739 0.644176 0.255086
v 0.225423 0.610161 0.164416
v 0.234487 0.622994 0.142519
v 0.203953 0.622781 0.173266
v 0.285575 0.611137 0.103288
v 0.29473 0.624063 0.0812073
v 0.264776 0.623422 0.111802
v 0.244374 0.634363 0.121263
v 0.255086 0.644176 0.100739
v 0.224461 0.64387 0.131669
v 0.143022 0.651852 0.205127
v 0.15532 0.658216 0.186464
v 0.124176 0.658307 0.217517
v 0.205127 0.651852 0.143022
v 0.217517 0.658307 0.124176
v 0.186464 0.658216 0.15532
v 0.168565 0.66287 0.168565
v 0.182755 0.665725 0.15152
v 0.15152 0.665725 0.182755
v 0.162661 0.643718 0.193622
v 0.183002 0.633997 0.183002
v 0.193622 0.643718 0.162661
v 0.12604 0.596778 0.277183
v 0.173191 0.564122 0.262687
v 0.149371 0.581076 0.269553
v 0.156451 0.596229 0.24732
v 0.186863 0.595954 0.217183
v 0.22193 0.526828 0.251243
v 0.197408 0.546009 0.256583
v 0.246665 0.50667 0.246665
v 0.251243 0.526828 0.22193
v 0.256583 0.546009 0.197408
v 0.217183 0.595954 0.186863
v 0.24732 0.596229 0.156451
v 0.262687 0.564122 0.173191
v 0.269553 0.581076 0.149371
v 0.277183 0.596778 0.12604
v 0.209767 0.580465 0.209767
v 0.203176 0.563787 0.233038
v 0.233038 0.563787 0.203176
v 0.0967426 0.451629 0.451629
v 0.152683 0.401395 0.445922
v 0.124591 0.426893 0.448516
v 0.124591 0.448516 0.426893
v 0.152683 0.445922 0.401395
v 0.209234 0.348475 0.44229
v 0.180928 0.375225 0.443847
v 0.265663 0.293603 0.440734
v 0.23751 0.321238 0.441253
v 0.235984 0.345912 0.418104
v 0.262733 0.343989 0.393277
v 0.235221 0.370342 0.394437
v 0.180928 0.443847 0.375225
v 0.209234 0.44229 0.348475
v 0.235221 0.394437 0.370342
v 0.262733 0.393277 0.343989
v 0.235984 0.418104 0.345912
v 0.23751 0.441253 0.321238
v 0.265663 0.440734 0.293603
v 0.180104 0.4214 0.398496
v 0.180104 0.398496 0.4214
v 0.207647 0.396176 0.396176
v 0.321238 0.23751 0.441253
v 0.293603 0.265663 0.440734
v 0.375225 0.180928 0.443847
v 0.348475 0.209234 0.44229
v 0.345912 0.235984 0.418104
v 0.370342 0.235221 0.394437
v 0.343989 0.262733 0.393277
v 0.426893 0.124591 0.448516
v 0.401395 0.152683 0.445922
v 0.451629 0.0967426 0.451629
v 0.448516 0.124591 0.426893
v 0.445922 0.152683 0.401395
v 0.394437 0.235221 0.370342
v 0.418104 0.235984 0.345912
v 0.393277 0.262733 0.343989
v 0.443847 0.180928 0.375225
v 0.44229 0.209234 0.348475
v 0.441253 0.23751 0.321238
v 0.440734 0.265663 0.293603
v 0.396176 0.207647 0.396176
v 0.398496 0.180104 0.4214
v 0.4214 0.180104 0.398496
v 0.293603 0.440734 0.265663
v 0.321238 0.441253 0.23751
v 0.343989 0.393277 0.262733
v 0.370342 0.394437 0.235221
v 0.345912 0.418104 0.235984
v 0.348475 0.44229 0.209234
v 0.375225 0.443847 0.180928
v 0.393277 0.343989 0.262733
v 0.418104 0.345912 0.235984
v 0.394437 0.370342 0.235221
v 0.440734 0.293603 0.265663
v 0.441253 0.321238 0.23751
v 0.44229 0.348475 0.209234
v 0.443847 0.375225 0.180928
v 0.401395 0.445922 0.152683
v 0.426893 0.448516 0.124591
v 0.445922 0.401395 0.152683
v 0.448516 0.426893 0.124591
v 0.451629 0.451629 0.0967426
v 0.398496 0.4214 0.180104
v 0.396176 0.396176 0.207647
v 0.4214 0.398496 0.180104
v 0.291497 0.417006 0.291497
v 0.289392 0.367901 0.342708
v 0.290093 0.392697 0.317209
v 0.317209 0.392697 0.290093
v 0.342708 0.367901 0.289392
v 0.290093 0.317209 0.392697
v 0.289392 0.342708 0.367901
v 0.291497 0.291497 0.417006
v 0.317209 0.290093 0.392697
v 0.342708 0.289392 0.367901
v 0.367901 0.342708 0.289392
v 0.392697 0.317209 0.290093
v 0.367901 0.289392 0.342708
v 0.392697 0.290093 0.317209
v 0.417006 0.291497 0.291497
v 0.342067 0.342067 0.315866
v 0.315866 0.342067 0.342067
v 0.342067 0.315866 0.342067
v 0.17459 0.158966 0.666444
v 0.16714 0.16714 0.665721
v 0.158966 0.17459 0.666444
v 0.191143 0.144318 0.66454
v 0.184162 0.15296 0.662878
v 0.175542 0.15993 0.664528
v 0.15993 0.175542 0.664528
v 0.15296 0.184162 0.662878
v 0.144318 0.191143 0.66454
v 0.208535 0.130646 0.66082
v 0.202008 0.139742 0.65825
v 0.192987 0.146231 0.660781
v 0.226675 0.11795 0.655375
v 0.220586 0.127486 0.651928
v 0.211211 0.133494 0.655295
v 0.195706 0.149053 0.655241
v 0.189629 0.158565 0.651806
v 0.18017 0.164615 0.655215
v 0.146231 0.192987 0.660781
v 0.139742 0.202008 0.65825
v 0.130646 0.208535 0.66082
v 0.164615 0.18017 0.655215
v 0.158565 0.189629 0.651806
v 0.149053 0.195706 0.655241
v 0.133494 0.211211 0.655295
v 0.127486 0.220586 0.651928
v 0.11795 0.226675 0.655375
v 0.161824 0.177413 0.660762
v 0.177413 0.161824 0.660762
v 0.170898 0.170898 0.658204
v 0.245471 0.106232 0.648298
v 0.239806 0.11619 0.644004
v 0.230122 0.121718 0.64816
v 0.264831 0.0954895 0.639679
v 0.259574 0.105856 0.634569
v 0.249627 0.110903 0.63947
v 0.234351 0.126348 0.639302
v 0.229105 0.136692 0.634203
v 0.219013 0.141811 0.639176
v 0.284665 0.0857239 0.629611
v 0.279801 0.0964837 0.623715
v 0.269636 0.10105 0.629314
v 0.30488 0.0769348 0.618186
v 0.300394 0.0880723 0.611534
v 0.290057 0.0921578 0.617785
v 0.275132 0.107427 0.617442
v 0.270657 0.118541 0.610802
v 0.260115 0.12273 0.617156
v 0.22407 0.147211 0.628719
v 0.219244 0.157895 0.622861
v 0.208759 0.162621 0.62862
v 0.245018 0.138056 0.616927
v 0.24057 0.149117 0.610313
v 0.229852 0.153393 0.616755
v 0.214629 0.168731 0.616641
v 0.210223 0.179708 0.610069
v 0.19936 0.184057 0.616583
v 0.239327 0.131805 0.628868
v 0.25452 0.116414 0.629066
v 0.249668 0.127151 0.623181
v 0.121718 0.230122 0.64816
v 0.11619 0.239806 0.644004
v 0.106232 0.245471 0.648298
v 0.141811 0.219013 0.639176
v 0.136692 0.229105 0.634203
v 0.126348 0.234351 0.639302
v 0.110903 0.249627 0.63947
v 0.105856 0.259574 0.634569
v 0.0954895 0.264831 0.639679
v 0.162621 0.208759 0.62862
v 0.157895 0.219244 0.622861
v 0.147211 0.22407 0.628719
v 0.184057 0.19936 0.616583
v 0.179708 0.210223 0.610069
v 0.168731 0.214629 0.616641
v 0.153393 0.229852 0.616755
v 0.149117 0.24057 0.610313
v 0.138056 0.245018 0.616927
v 0.10105 0.269636 0.629314
v 0.0964837 0.279801 0.623715
v 0.0857239 0.284665 0.629611
v 0.12273 0.260115 0.617156
v 0.118541 0.270657 0.610802
v 0.107427 0.275132 0.617442
v 0.0921578 0.290057 0.617785
v 0.0880723 0.300394 0.611534
v 0.0769348 0.30488 0.618186
v 0.116414 0.25452 0.629066
v 0.131805 0.239327 0.628868
v 0.127151 0.249668 0.623181
v 0.137227 0.214715 0.648057
v 0.168268 0.183777 0.647954
v 0.152748 0.199264 0.647989
v 0.147163 0.209062 0.643775
v 0.157282 0.203626 0.639092
v 0.199264 0.152748 0.647989
v 0.183777 0.168268 0.647954
v 0.214715 0.137227 0.648057
v 0.209062 0.147163 0.643775
v 0.203626 0.157282 0.639092
v 0.167572 0.198408 0.63402
v 0.178023 0.193407 0.62857
v 0.198408 0.167572 0.63402
v 0.193407 0.178023 0.62857
v 0.188623 0.188623 0.622754
v 0.172749 0.188201 0.63905
v 0.178151 0.178151 0.643699
v 0.188201 0.172749 0.63905
v 0.325385 0.0691223 0.605493
v 0.321261 0.0806222 0.598117
v 0.310799 0.0842271 0.604974
v 0.346088 0.0622864 0.591626
v 0.342311 0.0741334 0.583555
v 0.331769 0.0772576 0.590973
v 0.317317 0.0922899 0.590394
v 0.313551 0.104114 0.582335
v 0.302742 0.107372 0.589886
v 0.366898 0.056427 0.576675
v 0.363453 0.0686059 0.567941
v 0.352877 0.0712495 0.575874
v 0.387723 0.0515442 0.560732
v 0.384595 0.0640397 0.551365
v 0.37403 0.0662026 0.559767
v 0.360173 0.0809374 0.55889
v 0.357056 0.09341 0.549534
v 0.346163 0.095737 0.5581
v 0.309966 0.116083 0.573951
v 0.306559 0.128186 0.565255
v 0.295418 0.131112 0.573471
v 0.332012 0.11059 0.557398
v 0.328922 0.123009 0.548069
v 0.317731 0.125485 0.556784
v 0.303332 0.14041 0.556258
v 0.300284 0.152746 0.54697
v 0.288826 0.155355 0.555819
v 0.324399 0.101089 0.574512
v 0.338706 0.0861406 0.575153
v 0.335273 0.0982966 0.56643
v 0.408473 0.0476379 0.54389
v 0.405646 0.0604348 0.533919
v 0.395138 0.0621171 0.542745
v 0.429054 0.0447083 0.526238
v 0.426513 0.0577912 0.515696
v 0.416108 0.0589929 0.524899
v 0.402968 0.073369 0.523663
v 0.400439 0.0864291 0.513132
v 0.389645 0.0878253 0.52253
v 0.449376 0.0427551 0.507869
v 0.447106 0.056109 0.496785
v 0.43685 0.0568299 0.50632
v 0.469347 0.0417786 0.488875
v 0.467332 0.055388 0.47728
v 0.457271 0.0556283 0.487101
v 0.44497 0.0695848 0.485445
v 0.442967 0.0831714 0.473862
v 0.432455 0.0836368 0.483908
v 0.398058 0.0996037 0.502338
v 0.395827 0.112881 0.491292
v 0.384762 0.114007 0.501232
v 0.419738 0.0977726 0.482489
v 0.417762 0.111306 0.470932
v 0.406831 0.111981 0.481188
v 0.393744 0.12625 0.480006
v 0.39181 0.139699 0.468491
v 0.380489 0.140569 0.478941
v 0.41118 0.0852656 0.503555
v 0.424114 0.0710039 0.504882
v 0.421855 0.0843349 0.49381
v 0.297415 0.16518 0.537405
v 0.294726 0.177702 0.527572
v 0.282967 0.18001 0.537023
v 0.320682 0.160908 0.51841
v 0.318279 0.173716 0.508005
v 0.3065 0.175604 0.517895
v 0.292216 0.190301 0.517483
v 0.289885 0.202964 0.507151
v 0.27784 0.204986 0.517174
v 0.343934 0.15749 0.498577
v 0.341801 0.170569 0.48763
v 0.33005 0.172038 0.497913
v 0.367078 0.154926 0.477995
v 0.365201 0.168261 0.466537
v 0.353522 0.16931 0.477168
v 0.339833 0.183709 0.476458
v 0.338028 0.196899 0.465073
v 0.326021 0.198112 0.475867
v 0.287734 0.215681 0.496585
v 0.285761 0.22844 0.485799
v 0.273445 0.230191 0.496364
v 0.312099 0.212507 0.475394
v 0.310382 0.225522 0.464096
v 0.298078 0.226883 0.475039
v 0.283968 0.241229 0.474802
v 0.282355 0.254037 0.463608
v 0.269783 0.255533 0.474684
v 0.301938 0.201145 0.496917
v 0.316047 0.186593 0.49736
v 0.313987 0.199527 0.486485
v 0.311765 0.150354 0.537881
v 0.34012 0.120759 0.539121
v 0.326004 0.135543 0.538454
v 0.323257 0.14818 0.528563
v 0.334749 0.146223 0.519028
v 0.367942 0.0913157 0.540742
v 0.354104 0.106012 0.539884
v 0.381624 0.0766802 0.541696
v 0.378808 0.0894542 0.531737
v 0.37615 0.10235 0.5215
v 0.34623 0.144483 0.509287
v 0.357688 0.142961 0.499351
v 0.373647 0.115357 0.510996
v 0.371301 0.128463 0.500236
v 0.369112 0.141656 0.489232
v 0.348691 0.13156 0.519749
v 0.351315 0.118733 0.529952
v 0.362494 0.116932 0.520573
v 0.0842271 0.310799 0.604974
v 0.0806222 0.321261 0.598117
v 0.0691223 0.325385 0.605493
v 0.107372 0.302742 0.589886
v 0.104114 0.313551 0.582335
v 0.0922899 0.317317 0.590394
v 0.0772576 0.331769 0.590973
v 0.0741334 0.342311 0.583555
v 0.0622864 0.346088 0.591626
v 0.131112 0.295418 0.573471
v 0.128186 0.306559 0.565255
v 0.116083 0.309966 0.573951
v 0.155355 0.288826 0.555819
v 0.152746 0.300284 0.54697
v 0.14041 0.303332 0.556258
v 0.125485 0.317731 0.556784
v 0.123009 0.328922 0.548069
v 0.11059 0.332012 0.557398
v 0.0712495 0.352877 0.575874
v 0.0686059 0.363453 0.567941
v 0.056427 0.366898 0.576675
v 0.095737 0.346163 0.5581
v 0.09341 0.357056 0.549534
v 0.0809374 0.360173 0.55889
v 0.0662026 0.37403 0.559767
v 0.0640397 0.384595 0.551365
v 0.0515442 0.387723 0.560732
v 0.0861406 0.338706 0.575153
v 0.101089 0.324399 0.574512
v 0.0982966 0.335273 0.56643
v 0.18001 0.282967 0.537023
v 0.177702 0.294726 0.527572
v 0.16518 0.297415 0.537405
v 0.204986 0.27784 0.517174
v 0.202964 0.289885 0.507151
v 0.190301 0.292216 0.517483
v 0.175604 0.3065 0.517895
v 0.173716 0.318279 0.508005
v 0.160908 0.320682 0.51841
v 0.230191 0.273445 0.496364
v 0.22844 0.285761 0.485799
v 0.215681 0.287734 0.496585
v 0.255533 0.269783 0.474684
v 0.254037 0.282355 0.463608
v 0.241229 0.283968 0.474802
v 0.226883 0.298078 0.475039
v 0.225522 0.310382 0.464096
v 0.212507 0.312099 0.475394
v 0.172038 0.33005 0.497913
v 0.170569 0.341801 0.48763
v 0.15749 0.343934 0.498577
v 0.198112 0.326021 0.475867
v 0.196899 0.338028 0.465073
v 0.183709 0.339833 0.476458
v 0.16931 0.353522 0.477168
v 0.168261 0.365201 0.466537
v 0.154926 0.367078 0.477995
v 0.186593 0.316047 0.49736
v 0.201145 0.301938 0.496917
v 0.199527 0.313987 0.486485
v 0.0621171 0.395138 0.542745
v 0.0604348 0.405646 0.533919
v 0.0476379 0.408473 0.54389
v 0.0878253 0.389645 0.52253
v 0.0864291 0.400439 0.513132
v 0.073369 0.402968 0.523663
v 0.0589929 0.416108 0.524899
v 0.0577912 0.426513 0.515696
v 0.0447083 0.429054 0.526238
v 0.114007 0.384762 0.501232
v 0.112881 0.395827 0.491292
v 0.0996037 0.398058 0.502338
v 0.140569 0.380489 0.478941
v 0.139699 0.39181 0.468491
v 0.12625 0.393744 0.480006
v 0.111981 0.406831 0.481188
v 0.111306 0.417762 0.470932
v 0.0977726 0.419738 0.482489
v 0.0568299 0.43685 0.50632
v 0.056109 0.447106 0.496785
v 0.0427551 0.449376 0.507869
v 0.0836368 0.432455 0.483908
v 0.0831714 0.442967 0.473862
v 0.0695848 0.44497 0.485445
v 0.0556283 0.457271 0.487101
v 0.055388 0.467332 0.47728
v 0.0417786 0.469347 0.488875
v 0.0710039 0.424114 0.504882
v 0.0852656 0.41118 0.503555
v 0.0843349 0.421855 0.49381
v 0.0766802 0.381624 0.541696
v 0.106012 0.354104 0.539884
v 0.0913157 0.367942 0.540742
v 0.0894542 0.378808 0.531737
v 0.10235 0.37615 0.5215
v 0.135543 0.326004 0.538454
v 0.120759 0.34012 0.539121
v 0.150354 0.311765 0.537881
v 0.14818 0.323257 0.528563
v 0.146223 0.334749 0.519028
v 0.115357 0.373647 0.510996
v 0.128463 0.371301 0.500236
v 0.144483 0.34623 0.509287
v 0.142961 0.357688 0.499351
v 0.141656 0.369112 0.489232
v 0.116932 0.362494 0.520573
v 0.118733 0.351315 0.529952
v 0.13156 0.348691 0.519749
v 0.0993853 0.296094 0.60452
v 0.129816 0.266377 0.603807
v 0.114585 0.281283 0.604131
v 0.110862 0.291982 0.597156
v 0.122492 0.288057 0.589451
v 0.160323 0.236324 0.603353
v 0.145066 0.251387 0.603548
v 0.190815 0.206027 0.603158
v 0.175577 0.2212 0.603223
v 0.171663 0.23228 0.596057
v 0.183125 0.228439 0.588437
v 0.167966 0.243452 0.588582
v 0.134263 0.284318 0.581419
v 0.146163 0.280767 0.57307
v 0.164487 0.254704 0.580809
v 0.176289 0.251202 0.572509
v 0.161226 0.266025 0.57275
v 0.158182 0.277402 0.564416
v 0.170307 0.274225 0.555468
v 0.137639 0.273273 0.589089
v 0.14124 0.262291 0.596469
v 0.152801 0.2584 0.588799
v 0.2212 0.175577 0.603223
v 0.206027 0.190815 0.603158
v 0.251387 0.145066 0.603548
v 0.236324 0.160323 0.603353
v 0.23228 0.171663 0.596057
v 0.243452 0.167966 0.588582
v 0.228439 0.183125 0.588437
v 0.281283 0.114585 0.604131
v 0.266377 0.129816 0.603807
v 0.296094 0.0993853 0.60452
v 0.291982 0.110862 0.597156
v 0.288057 0.122492 0.589451
v 0.254704 0.164487 0.580809
v 0.266025 0.161226 0.57275
v 0.251202 0.176289 0.572509
v 0.284318 0.134263 0.581419
v 0.280767 0.146163 0.57307
v 0.277402 0.158182 0.564416
v 0.274225 0.170307 0.555468
v 0.2584 0.152801 0.588799
v 0.262291 0.14124 0.596469
v 0.273273 0.137639 0.589089
v 0.182528 0.271234 0.546238
v 0.194833 0.26843 0.536737
v 0.212265 0.241864 0.545872
v 0.224409 0.23914 0.536451
v 0.209636 0.253818 0.536546
v 0.20721 0.265813 0.526977
v 0.219648 0.263383 0.516968
v 0.241864 0.212265 0.545872
v 0.253818 0.209636 0.536546
v 0.23914 0.224409 0.536451
v 0.271234 0.182528 0.546238
v 0.26843 0.194833 0.536737
v 0.265813 0.20721 0.526977
v 0.263383 0.219648 0.516968
v 0.232136 0.26114 0.506723
v 0.244662 0.259084 0.496253
v 0.26114 0.232136 0.506723
v 0.259084 0.244662 0.496253
v 0.257215 0.257215 0.48557
v 0.234276 0.248858 0.516865
v 0.236611 0.236611 0.526778
v 0.248858 0.234276 0.516865
v 0.185256 0.25954 0.555205
v 0.19134 0.236311 0.572349
v 0.188193 0.247895 0.563912
v 0.200189 0.244782 0.555029
v 0.215095 0.229963 0.554942
v 0.198264 0.213372 0.588364
v 0.194697 0.2248 0.580503
v 0.20204 0.20204 0.59592
v 0.213372 0.198264 0.588364
v 0.2248 0.194697 0.580503
v 0.229963 0.215095 0.554942
v 0.244782 0.200189 0.555029
v 0.236311 0.19134 0.572349
v 0.247895 0.188193 0.563912
v 0.25954 0.185256 0.555205
v 0.218128 0.218128 0.563745
v 0.206368 0.221363 0.572269
v 0.221363 0.206368 0.572269
v 0.488875 0.0417786 0.469347
v 0.487101 0.0556283 0.457271
v 0.47728 0.055388 0.467332
v 0.507869 0.0427551 0.449376
v 0.50632 0.0568299 0.43685
v 0.496785 0.056109 0.447106
v 0.485445 0.0695848 0.44497
v 0.483908 0.0836368 0.432455
v 0.473862 0.0831714 0.442967
v 0.526238 0.0447083 0.429054
v 0.524899 0.0589929 0.416108
v 0.515696 0.0577912 0.426513
v 0.54389 0.0476379 0.408473
v 0.542745 0.0621171 0.395138
v 0.533919 0.0604348 0.405646
v 0.523663 0.073369 0.402968
v 0.52253 0.0878253 0.389645
v 0.513132 0.0864291 0.400439
v 0.482489 0.0977726 0.419738
v 0.481188 0.111981 0.406831
v 0.470932 0.111306 0.417762
v 0.502338 0.0996037 0.398058
v 0.501232 0.114007 0.384762
v 0.491292 0.112881 0.395827
v 0.480006 0.12625 0.393744
v 0.478941 0.140569 0.380489
v 0.468491 0.139699 0.39181
v 0.49381 0.0843349 0.421855
v 0.504882 0.0710039 0.424114
v 0.503555 0.0852656 0.41118
v 0.560732 0.0515442 0.387723
v 0.559767 0.0662026 0.37403
v 0.551365 0.0640397 0.384595
v 0.576675 0.056427 0.366898
v 0.575874 0.0712495 0.352877
v 0.567941 0.0686059 0.363453
v 0.55889 0.0809374 0.360173
v 0.5581 0.095737 0.346163
v 0.549534 0.09341 0.357056
v 0.591626 0.0622864 0.346088
v 0.590973 0.0772576 0.331769
v 0.583555 0.0741334 0.342311
v 0.605493 0.0691223 0.325385
v 0.604974 0.0842271 0.310799
v 0.598117 0.0806222 0.321261
v 0.590394 0.0922899 0.317317
v 0.589886 0.107372 0.302742
v 0.582335 0.104114 0.313551
v 0.557398 0.11059 0.332012
v 0.556784 0.125485 0.317731
v 0.548069 0.123009 0.328922
v 0.573951 0.116083 0.309966
v 0.573471 0.131112 0.295418
v 0.565255 0.128186 0.306559
v 0.556258 0.14041 0.303332
v 0.555819 0.155355 0.288826
v 0.54697 0.152746 0.300284
v 0.56643 0.0982966 0.335273
v 0.575153 0.0861406 0.338706
v 0.574512 0.101089 0.324399
v 0.477995 0.154926 0.367078
v 0.477168 0.16931 0.353522
v 0.466537 0.168261 0.365201
v 0.498577 0.15749 0.343934
v 0.497913 0.172038 0.33005
v 0.48763 0.170569 0.341801
v 0.476458 0.183709 0.339833
v 0.475867 0.198112 0.326021
v 0.465073 0.196899 0.338028
v 0.51841 0.160908 0.320682
v 0.517895 0.175604 0.3065
v 0.508005 0.173716 0.318279
v 0.537405 0.16518 0.297415
v 0.537023 0.18001 0.282967
v 0.527572 0.177702 0.294726
v 0.517483 0.190301 0.292216
v 0.517174 0.204986 0.27784
v 0.507151 0.202964 0.289885
v 0.475394 0.212507 0.312099
v 0.475039 0.226883 0.298078
v 0.464096 0.225522 0.310382
v 0.496585 0.215681 0.287734
v 0.496364 0.230191 0.273445
v 0.485799 0.22844 0.285761
v 0.474802 0.241229 0.283968
v 0.474684 0.255533 0.269783
v 0.463608 0.254037 0.282355
v 0.486485 0.199527 0.313987
v 0.49736 0.186593 0.316047
v 0.496917 0.201145 0.301938
v 0.489232 0.141656 0.369112
v 0.510996 0.115357 0.373647
v 0.500236 0.128463 0.371301
v 0.499351 0.142961 0.357688
v 0.509287 0.144483 0.34623
v 0.531737 0.0894542 0.378808
v 0.5215 0.10235 0.37615
v 0.541696 0.0766802 0.381624
v 0.540742 0.0913157 0.367942
v 0.539884 0.106012 0.354104
v 0.519028 0.146223 0.334749
v 0.528563 0.14818 0.323257
v 0.539121 0.120759 0.34012
v 0.538454 0.135543 0.326004
v 0.537881 0.150354 0.311765
v 0.519749 0.13156 0.348691
v 0.520573 0.116932 0.362494
v 0.529952 0.118733 0.351315
v 0.618186 0.0769348 0.30488
v 0.617785 0.0921578 0.290057
v 0.611534 0.0880723 0.300394
v 0.629611 0.0857239 0.284665
v 0.629314 0.10105 0.269636
v 0.623715 0.0964837 0.279801
v 0.617442 0.107427 0.275132
v 0.617156 0.12273 0.260115
v 0.610802 0.118541 0.270657
v 0.639679 0.0954895 0.264831
v 0.63947 0.110903 0.249627
v 0.634569 0.105856 0.259574
v 0.648298 0.106232 0.245471
v 0.64816 0.121718 0.230122
v 0.644004 0.11619 0.239806
v 0.639302 0.126348 0.234351
v 0.639176 0.141811 0.219013
v 0.634203 0.136692 0.229105
v 0.616927 0.138056 0.245018
v 0.616755 0.153393 0.229852
v 0.610313 0.149117 0.24057
v 0.628719 0.147211 0.22407
v 0.62862 0.162621 0.208759
v 0.622861 0.157895 0.219244
v 0.616641 0.168731 0.214629
v 0.616583 0.184057 0.19936
v 0.610069 0.179708 0.210223
v 0.623181 0.127151 0.249668
v 0.629066 0.116414 0.25452
v 0.628868 0.131805 0.239327
v 0.655375 0.11795 0.226675
v 0.655295 0.133494 0.211211
v 0.651928 0.127486 0.220586
v 0.66082 0.130646 0.208535
v 0.660781 0.146231 0.192987
v 0.65825 0.139742 0.202008
v 0.655241 0.149053 0.195706
v 0.655215 0.164615 0.18017
v 0.651806 0.158565 0.189629
v 0.66454 0.144318 0.191143
v 0.664528 0.15993 0.175542
v 0.662878 0.15296 0.184162
v 0.666444 0.158966 0.17459
v 0.666444 0.17459 0.158966
v 0.665721 0.16714 0.16714
v 0.664528 0.175542 0.15993
v 0.66454 0.191143 0.144318
v 0.662878 0.184162 0.15296
v 0.655215 0.18017 0.164615
v 0.655241 0.195706 0.149053
v 0.651806 0.189629 0.158565
v 0.660781 0.192987 0.146231
v 0.66082 0.208535 0.130646
v 0.65825 0.202008 0.139742
v 0.655295 0.211211 0.133494
v 0.655375 0.226675 0.11795
v 0.651928 0.220586 0.127486
v 0.658204 0.170898 0.170898
v 0.660762 0.161824 0.177413
v 0.660762 0.177413 0.161824
v 0.616583 0.19936 0.184057
v 0.616641 0.214629 0.168731
v 0.610069 0.210223 0.179708
v 0.62862 0.208759 0.162621
v 0.628719 0.22407 0.147211
v 0.622861 0.219244 0.157895
v 0.616755 0.229852 0.153393
v 0.616927 0.245018 0.138056
v 0.610313 0.24057 0.149117
v 0.639176 0.219013 0.141811
v 0.639302 0.234351 0.126348
v 0.634203 0.229105 0.136692
v 0.64816 0.230122 0.121718
v 0.648298 0.245471 0.106232
v 0.644004 0.239806 0.11619
v 0.63947 0.249627 0.110903
v 0.639679 0.264831 0.0954895
v 0.634569 0.259574 0.105856
v 0.617156 0.260115 0.12273
v 0.617442 0.275132 0.107427
v 0.610802 0.270657 0.118541
v 0.629314 0.269636 0.10105
v 0.629611 0.284665 0.0857239
v 0.623715 0.279801 0.0964837
v 0.617785 0.290057 0.0921578
v 0.618186 0.30488 0.0769348
v 0.611534 0.300394 0.0880723
v 0.623181 0.249668 0.127151
v 0.628868 0.239327 0.131805
v 0.629066 0.25452 0.116414
v 0.622754 0.188623 0.188623
v 0.63402 0.167572 0.198408
v 0.62857 0.178023 0.193407
v 0.62857 0.193407 0.178023
v 0.63402 0.198408 0.167572
v 0.643775 0.147163 0.209062
v 0.639092 0.157282 0.203626
v 0.648057 0.137227 0.214715
v 0.647989 0.152748 0.199264
v 0.647954 0.168268 0.183777
v 0.639092 0.203626 0.157282
v 0.643775 0.209062 0.147163
v 0.647954 0.183777 0.168268
v 0.647989 0.199264 0.152748
v 0.648057 0.214715 0.137227
v 0.63905 0.188201 0.172749
v 0.63905 0.172749 0.188201
v 0.643699 0.178151 0.178151
v 0.474684 0.269783 0.255533
v 0.474802 0.283968 0.241229
v 0.463608 0.282355 0.254037
v 0.496364 0.273445 0.230191
v 0.496585 0.287734 0.215681
v 0.485799 0.285761 0.22844
v 0.475039 0.298078 0.226883
v 0.475394 0.312099 0.212507
v 0.464096 0.310382 0.225522
v 0.517174 0.27784 0.204986
v 0.517483 0.292216 0.190301
v 0.507151 0.289885 0.202964
v 0.537023 0.282967 0.18001
v 0.537405 0.297415 0.16518
v 0.527572 0.294726 0.177702
v 0.517895 0.3065 0.175604
v 0.51841 0.320682 0.160908
v 0.508005 0.318279 0.173716
v 0.475867 0.326021 0.198112
v 0.476458 0.339833 0.183709
v 0.465073 0.338028 0.196899
v 0.497913 0.33005 0.172038
v 0.498577 0.343934 0.15749
v 0.48763 0.341801 0.170569
v 0.477168 0.353522 0.16931
v 0.477995 0.367078 0.154926
v 0.466537 0.365201 0.168261
v 0.486485 0.313987 0.199527
v 0.496917 0.301938 0.201145
v 0.49736 0.316047 0.186593
v 0.555819 0.288826 0.155355
v 0.556258 0.303332 0.14041
v 0.54697 0.300284 0.152746
v 0.573471 0.295418 0.131112
v 0.573951 0.309966 0.116083
v 0.565255 0.306559 0.128186
v 0.556784 0.317731 0.125485
v 0.557398 0.332012 0.11059
v 0.548069 0.328922 0.123009
v 0.589886 0.302742 0.107372
v 0.590394 0.317317 0.0922899
v 0.582335 0.313551 0.104114
v 0.604974 0.310799 0.0842271
v 0.605493 0.325385 0.0691223
v 0.598117 0.321261 0.0806222
v 0.590973 0.331769 0.0772576
v 0.591626 0.346088 0.0622864
v 0.583555 0.342311 0.0741334
v 0.5581 0.346163 0.095737
v 0.55889 0.360173 0.0809374
v 0.549534 0.357056 0.09341
v 0.575874 0.352877 0.0712495
v 0.576675 0.366898 0.056427
v 0.567941 0.363453 0.0686059
v 0.559767 0.37403 0.0662026
v 0.560732 0.387723 0.0515442
v 0.551365 0.384595 0.0640397
v 0.56643 0.335273 0.0982966
v 0.574512 0.324399 0.101089
v 0.575153 0.338706 0.0861406
v 0.478941 0.380489 0.140569
v 0.480006 0.393744 0.12625
v 0.468491 0.39181 0.139699
v 0.501232 0.384762 0.114007
v 0.502338 0.398058 0.0996037
v 0.491292 0.395827 0.112881
v 0.481188 0.406831 0.111981
v 0.482489 0.419738 0.0977726
v 0.470932 0.417762 0.111306
v 0.52253 0.389645 0.0878253
v 0.523663 0.402968 0.073369
v 0.513132 0.400439 0.0864291
v 0.542745 0.395138 0.0621171
v 0.54389 0.408473 0.0476379
v 0.533919 0.405646 0.0604348
v 0.524899 0.416108 0.0589929
v 0.526238 0.429054 0.0447083
v 0.515696 0.426513 0.0577912
v 0.483908 0.432455 0.0836368
v 0.485445 0.44497 0.0695848
v 0.473862 0.442967 0.0831714
v 0.50632 0.43685 0.0568299
v 0.507869 0.449376 0.0427551
v 0.496785 0.447106 0.056109
v 0.487101 0.457271 0.0556283
v 0.488875 0.469347 0.0417786
v 0.47728 0.467332 0.055388
v 0.49381 0.421855 0.0843349
v 0.503555 0.41118 0.0852656
v 0.504882 0.424114 0.0710039
v 0.489232 0.369112 0.141656
v 0.509287 0.34623 0.144483
v 0.499351 0.357688 0.142961
v 0.500236 0.371301 0.128463
v 0.510996 0.373647 0.115357
v 0.528563 0.323257 0.14818
v 0.519028 0.334749 0.146223
v 0.537881 0.311765 0.150354
v 0.538454 0.326004 0.135543
v 0.539121 0.34012 0.120759
v 0.5215 0.37615 0.10235
v 0.531737 0.378808 0.0894542
v 0.539884 0.354104 0.106012
v 0.540742 0.367942 0.0913157
v 0.541696 0.381624 0.0766802
v 0.520573 0.362494 0.116932
v 0.519749 0.348691 0.13156
v 0.529952 0.351315 0.118733
v 0.48557 0.257215 0.257215
v 0.506723 0.232136 0.26114
v 0.496253 0.244662 0.259084
v 0.496253 0.259084 0.244662
v 0.506723 0.26114 0.232136
v 0.526977 0.20721 0.265813
v 0.516968 0.219648 0.263383
v 0.546238 0.182528 0.271234
v 0.536737 0.194833 0.26843
v 0.536546 0.209636 0.253818
v 0.545872 0.212265 0.241864
v 0.536451 0.224409 0.23914
v 0.516968 0.263383 0.219648
v 0.526977 0.265813 0.20721
v 0.536451 0.23914 0.224409
v 0.545872 0.241864 0.212265
v 0.536546 0.253818 0.209636
v 0.536737 0.26843 0.194833
v 0.546238 0.271234 0.182528
v 0.516865 0.248858 0.234276
v 0.516865 0.234276 0.248858
v 0.526778 0.236611 0.236611
v 0.564416 0.158182 0.277402
v 0.555468 0.170307 0.274225
v 0.581419 0.134263 0.284318
v 0.57307 0.146163 0.280767
v 0.57275 0.161226 0.266025
v 0.580809 0.164487 0.254704
v 0.572509 0.176289 0.251202
v 0.597156 0.110862 0.291982
v 0.589451 0.122492 0.288057
v 0.60452 0.0993853 0.296094
v 0.604131 0.114585 0.281283
v 0.603807 0.129816 0.266377
v 0.588582 0.167966 0.243452
v 0.596057 0.171663 0.23228
v 0.588437 0.183125 0.228439
v 0.603548 0.145066 0.251387
v 0.603353 0.160323 0.236324
v 0.603223 0.175577 0.2212
v 0.603158 0.190815 0.206027
v 0.588799 0.152801 0.2584
v 0.589089 0.137639 0.273273
v 0.596469 0.14124 0.262291
v 0.555468 0.274225 0.170307
v 0.564416 0.277402 0.158182
v 0.572509 0.251202 0.176289
